'Timestamp','Lane 1 Occ','Lane 1 Flow','Lane 2 Occ','Lane 2 Flow','Lane 3 Occ','Lane 3 Flow'
3/14/2003 00:00:00,.01,14,.0186,27,.0137,17
3/14/2003 00:05:00,.0133,18,.025,39,.0187,25
3/14/2003 00:10:00,.0088,12,.018,30,.0095,11
3/14/2003 00:15:00,.0115,16,.0203,33,.0217,19
3/14/2003 00:20:00,.0069,8,.0178,25,.0123,13
3/14/2003 00:25:00,.0077,11,.0151,24,.0092,13
3/14/2003 00:30:00,.0049,7,.0153,22,.0192,19
3/14/2003 00:35:00,.007,10,.0194,33,.0156,17
3/14/2003 00:40:00,.0082,12,.0146,26,.0166,13
3/14/2003 00:45:00,.0074,11,.0207,30,.018,14
3/14/2003 00:50:00,.0071,10,.0135,22,.0074,11
3/14/2003 00:55:00,.0069,10,.012,17,.0147,12
3/14/2003 01:00:00,.0011,2,.0078,13,.0118,10
3/14/2003 01:05:00,.0038,5,.0116,18,.0202,11
3/14/2003 01:10:00,.0063,8,.0115,15,.0214,17
3/14/2003 01:15:00,.0034,5,.0137,20,.0153,13
3/14/2003 01:20:00,.0043,5,.0094,16,.019,18
3/14/2003 01:25:00,.0038,5,.0111,18,.0131,13
3/14/2003 01:30:00,.0017,2,.0121,18,.0156,14
3/14/2003 01:35:00,.0018,3,.0102,17,.0269,18
3/14/2003 01:40:00,.0058,8,.0131,19,.0119,11
3/14/2003 01:45:00,.0016,2,.0082,11,.0095,12
3/14/2003 01:50:00,.003,3,.0075,12,.0174,18
3/14/2003 01:55:00,.0024,4,.0094,17,.0069,8
3/14/2003 02:00:00,.0014,2,.017,17,.0232,13
3/14/2003 02:05:00,.004,5,.0079,11,.0117,12
3/14/2003 02:10:00,0,0,.0072,12,.0142,10
3/14/2003 02:15:00,.0016,2,.011,15,.0123,10
3/14/2003 02:20:00,.0013,2,.0027,5,.0077,8
3/14/2003 02:25:00,.0013,2,.0049,9,.0103,12
3/14/2003 02:30:00,.018,8,.0187,14,.0321,23
3/14/2003 02:35:00,0,0,.0074,10,.0162,10
3/14/2003 02:40:00,.0024,4,.0107,16,.0151,8
3/14/2003 02:45:00,.0037,4,.0037,6,.0108,12
3/14/2003 02:50:00,.0042,6,.0165,17,.0065,7
3/14/2003 02:55:00,.0024,3,.0068,11,.0068,7
3/14/2003 03:00:00,.0012,2,.0087,15,.0117,10
3/14/2003 03:05:00,.002,3,.0085,10,.0164,9
3/14/2003 03:10:00,.0028,4,.0069,9,.0147,12
3/14/2003 03:15:00,.0034,4,.0052,7,.0196,9
3/14/2003 03:20:00,.0016,2,.0069,12,.0066,6
3/14/2003 03:25:00,.0007,1,.0046,8,.0124,8
3/14/2003 03:30:00,.0021,3,.004,6,.0119,9
3/14/2003 03:35:00,.0023,3,.0129,17,.0085,7
3/14/2003 03:40:00,.0016,2,.0056,7,.0094,7
3/14/2003 03:45:00,.0036,5,.0118,14,.0112,10
3/14/2003 03:50:00,.0017,2,.0063,6,.023,11
3/14/2003 03:55:00,.0013,2,.009,12,.0132,10
3/14/2003 04:00:00,.0007,1,.0082,10,.0118,9
3/14/2003 04:05:00,.002,3,.0043,7,.0113,9
3/14/2003 04:10:00,.0046,7,.0121,15,.0091,7
3/14/2003 04:15:00,.002,3,.0091,13,.0085,5
3/14/2003 04:20:00,.0019,3,.0158,20,.0143,7
3/14/2003 04:25:00,.0021,3,.0083,10,.0123,10
3/14/2003 04:30:00,.0022,3,.0163,13,.0123,9
3/14/2003 04:35:00,.0038,5,.0183,21,.0182,13
3/14/2003 04:40:00,.0072,9,.0147,20,.0231,15
3/14/2003 04:45:00,.0052,7,.0164,22,.0277,20
3/14/2003 04:50:00,.004,5,.016,22,.0157,9
3/14/2003 04:55:00,.0038,5,.0093,14,.035,16
3/14/2003 05:00:00,.0031,4,.0129,20,.0124,10
3/14/2003 05:05:00,.0056,7,.0137,19,.0196,14
3/14/2003 05:10:00,.0106,13,.0221,30,.0416,23
3/14/2003 05:15:00,.0112,13,.0199,28,.0304,22
3/14/2003 05:20:00,.0146,18,.0273,36,.0235,17
3/14/2003 05:25:00,.012,17,.027,37,.0256,22
3/14/2003 05:30:00,.0114,15,.0286,38,.032,24
3/14/2003 05:35:00,.0213,27,.0436,59,.0252,21
3/14/2003 05:40:00,.014,19,.0313,47,.0296,26
3/14/2003 05:45:00,.0263,35,.0362,56,.0336,30
3/14/2003 05:50:00,.0239,33,.0348,50,.0295,26
3/14/2003 05:55:00,.0279,38,.0332,49,.0257,24
3/14/2003 06:00:00,.0222,27,.0332,52,.0404,29
3/14/2003 06:05:00,.0284,37,.0371,57,.0358,27
3/14/2003 06:10:00,.0332,45,.0434,58,.0365,39
3/14/2003 06:15:00,.0489,67,.0504,74,.0553,44
3/14/2003 06:20:00,.0404,56,.0485,70,.0411,47
3/14/2003 06:25:00,.0568,76,.0507,80,.0542,46
3/14/2003 06:30:00,.0502,69,.0573,79,.0494,49
3/14/2003 06:35:00,.0679,96,.0619,91,.061,45
3/14/2003 06:40:00,.073,99,.0601,88,.0477,46
3/14/2003 06:45:00,.0604,84,.061,86,.0507,42
3/14/2003 06:50:00,.073,100,.0636,98,.0497,43
3/14/2003 06:55:00,.0566,80,.0638,92,.0512,46
3/14/2003 07:00:00,.069,94,.0621,95,.0497,43
3/14/2003 07:05:00,.0698,93,.0582,78,.0447,45
3/14/2003 07:10:00,.0789,108,.0819,113,.0525,54
3/14/2003 07:15:00,.1003,130,.0732,108,.0506,56
3/14/2003 07:20:00,.1095,139,.0896,126,.0649,65
3/14/2003 07:25:00,.1007,135,.0679,106,.0667,68
3/14/2003 07:30:00,.1233,161,.0933,133,.062,72
3/14/2003 07:35:00,.1249,162,.094,139,.0603,65
3/14/2003 07:40:00,.1144,159,.0852,118,.0664,75
3/14/2003 07:45:00,.1212,164,.0852,130,.0654,72
3/14/2003 07:50:00,.1077,147,.0767,113,.0615,64
3/14/2003 07:55:00,.1164,155,.0785,112,.0587,67
3/14/2003 08:00:00,.0697,99,.0726,111,.056,55
3/14/2003 08:05:00,.0883,124,.0674,105,.0596,60
3/14/2003 08:10:00,.1022,143,.0761,112,.0596,64
3/14/2003 08:15:00,.0825,117,.07,103,.056,68
3/14/2003 08:20:00,.08,116,.0708,104,.057,57
3/14/2003 08:25:00,.0925,129,.0747,112,.0483,55
3/14/2003 08:30:00,.0595,86,.0688,107,.062,63
3/14/2003 08:35:00,.0814,117,.0627,94,.0584,61
3/14/2003 08:40:00,.0833,113,.0737,107,.0544,62
3/14/2003 08:45:00,.0738,102,.063,96,.0454,48
3/14/2003 08:50:00,.0636,94,.0726,99,.052,49
3/14/2003 08:55:00,.0759,108,.0655,94,.0544,60
3/14/2003 09:00:00,.0519,71,.0563,80,.0537,57
3/14/2003 09:05:00,.0411,57,.0558,86,.0423,53
3/14/2003 09:10:00,.0518,76,.0647,91,.038,39
3/14/2003 09:15:00,.0622,89,.0651,92,.0657,69
3/14/2003 09:20:00,.0669,93,.0632,97,.0578,69
3/14/2003 09:25:00,.0474,68,.059,92,.056,52
3/14/2003 09:30:00,.0599,86,.0543,81,.0435,54
3/14/2003 09:35:00,.0508,74,.068,103,.0496,60
3/14/2003 09:40:00,.0495,73,.0625,97,.0411,47
3/14/2003 09:45:00,.0658,94,.0668,103,.0501,50
3/14/2003 09:50:00,.0596,81,.0686,98,.0599,53
3/14/2003 09:55:00,.0582,83,.0648,98,.0505,49
3/14/2003 10:00:00,.0523,73,.0542,82,.0523,51
3/14/2003 10:05:00,.0643,91,.0696,103,.058,53
3/14/2003 10:10:00,.0551,78,.0671,98,.057,59
3/14/2003 10:15:00,.064,91,.0693,100,.0667,62
3/14/2003 10:20:00,.0677,92,.0698,96,.0617,60
3/14/2003 10:25:00,.0671,93,.0715,104,.0589,61
3/14/2003 10:30:00,.0678,91,.0681,99,.0447,57
3/14/2003 10:35:00,.0673,93,.0741,116,.0612,63
3/14/2003 10:40:00,.0781,112,.0773,118,.056,58
3/14/2003 10:45:00,.0722,100,.0848,127,.0758,72
3/14/2003 10:50:00,.0656,91,.067,98,.052,52
3/14/2003 10:55:00,.0603,82,.0697,101,.0578,70
3/14/2003 11:00:00,.0731,99,.0744,106,.0632,59
3/14/2003 11:05:00,.0519,72,.0706,102,.0654,64
3/14/2003 11:10:00,.0731,103,.0809,110,.0559,59
3/14/2003 11:15:00,.0763,110,.0817,101,.0641,64
3/14/2003 11:20:00,.068,92,.0762,104,.0583,63
3/14/2003 11:25:00,.0714,101,.0766,117,.0595,69
3/14/2003 11:30:00,.0805,114,.0715,109,.0717,75
3/14/2003 11:35:00,.0709,98,.0579,94,.0487,55
3/14/2003 11:40:00,.0743,103,.0819,114,.0583,70
3/14/2003 11:45:00,.0788,109,.0703,103,.0595,65
3/14/2003 11:50:00,.0755,100,.074,110,.0595,57
3/14/2003 11:55:00,.0688,97,.0651,91,.0689,69
3/14/2003 12:00:00,.0711,100,.0726,107,.0607,63
3/14/2003 12:05:00,.0818,117,.0728,105,.0518,69
3/14/2003 12:10:00,.0833,116,.084,121,.0558,63
3/14/2003 12:15:00,.0819,110,.087,109,.0654,72
3/14/2003 12:20:00,.0837,117,.0804,123,.0668,69
3/14/2003 12:25:00,.0892,126,.0796,123,.0536,66
3/14/2003 12:30:00,.0812,116,.0655,103,.06,65
3/14/2003 12:35:00,.1123,153,.08,117,.0793,89
3/14/2003 12:40:00,.0995,130,.0938,125,.0734,79
3/14/2003 12:45:00,.0779,107,.074,110,.0666,75
3/14/2003 12:50:00,.0872,117,.0847,111,.0695,65
3/14/2003 12:55:00,.0771,106,.0846,114,.0593,61
3/14/2003 13:00:00,.0818,113,.0789,111,.0582,69
3/14/2003 13:05:00,.0951,128,.0801,124,.0727,81
3/14/2003 13:10:00,.1119,147,.0861,120,.0672,78
3/14/2003 13:15:00,.1122,149,.0956,124,.0777,82
3/14/2003 13:20:00,.0812,110,.0803,121,.0731,84
3/14/2003 13:25:00,.1089,143,.0832,115,.0659,83
3/14/2003 13:30:00,.104,144,.1041,126,.0759,86
3/14/2003 13:35:00,.1154,159,.0919,129,.0742,85
3/14/2003 13:40:00,.111,146,.0968,141,.0683,77
3/14/2003 13:45:00,.1144,151,.0879,134,.0649,74
3/14/2003 13:50:00,.0929,125,.0891,132,.0717,78
3/14/2003 13:55:00,.1003,142,.0796,122,.0717,78
3/14/2003 14:00:00,.1397,183,.1075,155,.0663,77
3/14/2003 14:05:00,.1243,170,.0898,131,.066,81
3/14/2003 14:10:00,.1134,152,.0871,136,.0769,91
3/14/2003 14:15:00,.1447,186,.0982,134,.0857,95
3/14/2003 14:20:00,.1309,168,.1026,143,.077,89
3/14/2003 14:25:00,.1253,168,.1011,139,.0727,78
3/14/2003 14:30:00,.1484,192,.1045,145,.089,97
3/14/2003 14:35:00,.153,191,.1111,143,.0873,101
3/14/2003 14:40:00,.1441,190,.1112,160,.0731,99
3/14/2003 14:45:00,.1508,198,.1041,153,.0686,84
3/14/2003 14:50:00,.1369,182,.0976,136,.0781,93
3/14/2003 14:55:00,.1383,178,.0983,144,.081,95
3/14/2003 15:00:00,.1566,195,.1107,145,.0739,90
3/14/2003 15:05:00,.1986,176,.158,148,.1104,99
3/14/2003 15:10:00,.31,152,.1983,130,.1571,116
3/14/2003 15:15:00,.2402,155,.2276,134,.1633,117
3/14/2003 15:20:00,.2676,129,.2483,131,.2079,115
3/14/2003 15:25:00,.3271,123,.2883,106,.2918,80
3/14/2003 15:30:00,.2846,122,.2448,106,.2656,86
3/14/2003 15:35:00,.319,117,.2945,105,.2469,81
3/14/2003 15:40:00,.3575,103,.351,81,.2962,71
3/14/2003 15:45:00,.407,96,.334,86,.4163,66
3/14/2003 15:50:00,.3454,98,.3472,93,.3313,81
3/14/2003 15:55:00,.3718,102,.3159,92,.2858,77
3/14/2003 16:00:00,.3433,95,.3029,87,.2986,74
3/14/2003 16:05:00,.3412,100,.3234,93,.2748,73
3/14/2003 16:10:00,.38,97,.3434,82,.3195,71
3/14/2003 16:15:00,.3148,119,.2812,96,.2565,96
3/14/2003 16:20:00,.3417,108,.3286,102,.2634,84
3/14/2003 16:25:00,.2767,118,.2661,110,.2312,105
3/14/2003 16:30:00,.2889,122,.2704,113,.1982,103
3/14/2003 16:35:00,.2949,124,.2662,114,.2374,92
3/14/2003 16:40:00,.289,124,.291,108,.3238,78
3/14/2003 16:45:00,.3344,111,.3321,103,.2607,96
3/14/2003 16:50:00,.3069,127,.2663,117,.2753,108
3/14/2003 16:55:00,.2989,126,.2663,123,.2074,111
3/14/2003 17:00:00,.2533,129,.2105,122,.2117,118
3/14/2003 17:05:00,.3141,117,.2775,118,.2565,97
3/14/2003 17:10:00,.3439,119,.3159,108,.2695,90
3/14/2003 17:15:00,.3873,126,.2955,102,.2642,95
3/14/2003 17:20:00,.3023,134,.2736,127,.2684,104
3/14/2003 17:25:00,.2798,133,.2218,131,.1789,116
3/14/2003 17:30:00,.3076,139,.2709,127,.2678,116
3/14/2003 17:35:00,.2945,133,.2355,123,.2417,109
3/14/2003 17:40:00,.3146,130,.2774,111,.3018,97
3/14/2003 17:45:00,.2749,137,.2456,132,.2152,124
3/14/2003 17:50:00,.2832,146,.2254,138,.2206,121
3/14/2003 17:55:00,.2539,142,.2011,135,.1975,125
3/14/2003 18:00:00,.292,153,.2244,141,.216,135
3/14/2003 18:05:00,.2046,146,.1497,133,.1344,97
3/14/2003 18:10:00,.1107,141,.0833,125,.0531,66
3/14/2003 18:15:00,.1076,139,.0709,105,.0588,74
3/14/2003 18:20:00,.0828,111,.0769,114,.0541,67
3/14/2003 18:25:00,.0943,127,.0781,120,.0475,64
3/14/2003 18:30:00,.0917,116,.0736,111,.0401,51
3/14/2003 18:35:00,.1094,131,.0942,116,.0662,65
3/14/2003 18:40:00,.098,134,.0751,114,.0464,59
3/14/2003 18:45:00,.0983,131,.0759,112,.057,59
3/14/2003 18:50:00,.0968,128,.0679,105,.0516,64
3/14/2003 18:55:00,.0814,107,.0837,125,.0521,73
3/14/2003 19:00:00,.0877,117,.0677,95,.0477,65
3/14/2003 19:05:00,.0662,90,.07,102,.0419,53
3/14/2003 19:10:00,.0763,98,.0736,107,.0509,62
3/14/2003 19:15:00,.0771,96,.0716,98,.0406,50
3/14/2003 19:20:00,.0714,91,.0719,97,.0551,67
3/14/2003 19:25:00,.0753,95,.0688,98,.044,47
3/14/2003 19:30:00,.0846,107,.072,100,.0493,63
3/14/2003 19:35:00,.0725,92,.0655,99,.053,63
3/14/2003 19:40:00,.0672,78,.0662,93,.0438,56
3/14/2003 19:45:00,.0646,80,.0622,84,.0455,52
3/14/2003 19:50:00,.0874,97,.0724,87,.0491,59
3/14/2003 19:55:00,.0659,79,.0666,86,.0442,52
3/14/2003 20:00:00,.0607,73,.0739,95,.049,49
3/14/2003 20:05:00,.0491,60,.0558,79,.0399,42
3/14/2003 20:10:00,.0789,86,.0726,90,.0473,57
3/14/2003 20:15:00,.077,94,.0578,81,.0488,55
3/14/2003 20:20:00,.0519,62,.0625,80,.0342,40
3/14/2003 20:25:00,.074,90,.0603,80,.0458,47
3/14/2003 20:30:00,.0621,72,.0561,76,.0414,54
3/14/2003 20:35:00,.0648,74,.0603,87,.0357,41
3/14/2003 20:40:00,.0742,88,.068,88,.0497,48
3/14/2003 20:45:00,.0586,72,.0503,70,.043,51
3/14/2003 20:50:00,.0828,97,.0661,81,.0449,50
3/14/2003 20:55:00,.0578,70,.0657,92,.0346,43
3/14/2003 21:00:00,.0608,73,.0586,78,.0454,51
3/14/2003 21:05:00,.0794,92,.0679,91,.0486,55
3/14/2003 21:10:00,.0888,107,.0779,106,.0493,56
3/14/2003 21:15:00,.1279,126,.1122,119,.05,54
3/14/2003 21:20:00,.1912,117,.1438,114,.0982,67
3/14/2003 21:25:00,.2755,114,.2197,107,.1279,71
3/14/2003 21:30:00,.2822,113,.2684,111,.1686,71
3/14/2003 21:35:00,.2933,104,.2986,90,.2308,81
3/14/2003 21:40:00,.2971,105,.2807,109,.2024,78
3/14/2003 21:45:00,.2832,98,.2707,93,.2124,77
3/14/2003 21:50:00,.336,109,.2658,99,.2144,82
3/14/2003 21:55:00,.2892,102,.2756,94,.2673,74
3/14/2003 22:00:00,.2233,99,.2027,101,.1781,89
3/14/2003 22:05:00,.0886,107,.0727,112,.0403,52
3/14/2003 22:10:00,.0603,78,.0618,95,.0413,51
3/14/2003 22:15:00,.0683,86,.0689,93,.0571,59
3/14/2003 22:20:00,.0508,64,.0502,78,.0345,42
3/14/2003 22:25:00,.0491,63,.0473,72,.0365,42
3/14/2003 22:30:00,.0439,57,.0458,71,.0426,45
3/14/2003 22:35:00,.0442,56,.0507,77,.0382,46
3/14/2003 22:40:00,.0365,45,.0471,70,.0456,53
3/14/2003 22:45:00,.035,46,.0487,72,.0371,45
3/14/2003 22:50:00,.0358,49,.0506,75,.0371,42
3/14/2003 22:55:00,.0238,34,.0356,57,.0354,45
3/14/2003 23:00:00,.0343,48,.042,65,.0319,42
3/14/2003 23:05:00,.0341,44,.0405,60,.0253,32
3/14/2003 23:10:00,.0329,43,.0373,60,.0295,37
3/14/2003 23:15:00,.023,30,.0392,62,.0274,35
3/14/2003 23:20:00,.0225,28,.0312,51,.034,38
3/14/2003 23:25:00,.0272,36,.0339,53,.0263,37
3/14/2003 23:30:00,.0288,36,.0344,53,.0332,38
3/14/2003 23:35:00,.0237,32,.0345,56,.0313,31
3/14/2003 23:40:00,.0227,30,.0378,54,.0303,31
3/14/2003 23:45:00,.031,39,.0441,57,.0448,52
3/14/2003 23:50:00,.0129,17,.0219,33,.0195,22
3/14/2003 23:55:00,.0184,25,.0304,46,.0278,34
3/15/2003 00:00:00,.0232,31,.0283,44,.0246,29
3/15/2003 00:05:00,.015,19,.0282,43,.0263,28
3/15/2003 00:10:00,.0167,22,.0328,47,.0143,20
3/15/2003 00:15:00,.0154,18,.0296,45,.0223,25
3/15/2003 00:20:00,.0163,21,.0249,33,.0307,31
3/15/2003 00:25:00,.0164,21,.0243,36,.02,20
3/15/2003 00:30:00,.0103,14,.0174,27,.0167,21
3/15/2003 00:35:00,.0159,21,.0261,38,.0257,22
3/15/2003 00:40:00,.0078,9,.0153,22,.0189,19
3/15/2003 00:45:00,.0151,17,.0204,24,.0262,29
3/15/2003 00:50:00,.0146,16,.0172,21,.0312,19
3/15/2003 00:55:00,.0078,10,.0237,33,.016,16
3/15/2003 01:00:00,.0046,6,.0187,27,.0206,23
3/15/2003 01:05:00,.008,10,.0117,17,.0191,17
3/15/2003 01:10:00,.0084,11,.0221,33,.0157,16
3/15/2003 01:15:00,.0062,8,.0161,23,.0196,18
3/15/2003 01:20:00,.0073,10,.0165,24,.0158,13
3/15/2003 01:25:00,.0029,4,.0168,23,.0122,17
3/15/2003 01:30:00,.0058,8,.0161,24,.0154,17
3/15/2003 01:35:00,.0094,11,.0127,16,.0253,25
3/15/2003 01:40:00,.0128,15,.0166,25,.0105,14
3/15/2003 01:45:00,.0047,6,.0173,21,.0109,13
3/15/2003 01:50:00,.0056,7,.0119,18,.0141,15
3/15/2003 01:55:00,.0081,9,.0159,20,.0122,15
3/15/2003 02:00:00,.0089,11,.0161,23,.0128,16
3/15/2003 02:05:00,.0007,1,.012,20,.0118,19
3/15/2003 02:10:00,.0036,5,.0099,15,.0121,14
3/15/2003 02:15:00,.0091,11,.0138,21,.014,13
3/15/2003 02:20:00,.0044,5,.0126,19,.0134,12
3/15/2003 02:25:00,.0019,3,.0111,17,.015,14
3/15/2003 02:30:00,.0038,4,.0082,13,.0168,15
3/15/2003 02:35:00,.0019,2,.0103,14,.0072,5
3/15/2003 02:40:00,.0007,1,.0132,17,.0104,10
3/15/2003 02:45:00,.001,1,.0121,18,.0121,12
3/15/2003 02:50:00,.0039,5,.0133,15,.0124,11
3/15/2003 02:55:00,.0009,1,.0099,9,.0113,9
3/15/2003 03:00:00,.0008,1,.0079,12,.0103,10
3/15/2003 03:05:00,.0018,2,.0073,11,.0185,10
3/15/2003 03:10:00,.0031,4,.0122,16,.0082,7
3/15/2003 03:15:00,.0017,2,.0064,9,.0058,6
3/15/2003 03:20:00,.0027,3,.0115,18,.0062,8
3/15/2003 03:25:00,.0036,5,.0105,15,.0144,12
3/15/2003 03:30:00,.0013,2,.0072,8,.0089,5
3/15/2003 03:35:00,.0007,1,.0082,12,.0092,6
3/15/2003 03:40:00,.0014,2,.0128,17,.0032,3
3/15/2003 03:45:00,.001,1,.0075,11,.0056,7
3/15/2003 03:50:00,.0019,2,.0067,11,.0066,6
3/15/2003 03:55:00,0,0,.006,9,.0088,8
3/15/2003 04:00:00,.0017,2,.0097,13,.0094,8
3/15/2003 04:05:00,.003,4,.006,8,.0143,9
3/15/2003 04:10:00,.0008,1,.0097,14,.0084,7
3/15/2003 04:15:00,.001,1,.0131,15,.011,9
3/15/2003 04:20:00,.0007,1,.0051,8,.016,10
3/15/2003 04:25:00,.0017,2,.0063,8,.0096,8
3/15/2003 04:30:00,.002,3,.0043,7,.008,6
3/15/2003 04:35:00,.0016,2,.0079,7,.0133,13
3/15/2003 04:40:00,0,0,.0112,16,.0083,8
3/15/2003 04:45:00,.0021,3,.0173,21,.0077,6
3/15/2003 04:50:00,.0016,2,.0132,18,.0105,6
3/15/2003 04:55:00,.0009,1,.0101,10,.0101,8
3/15/2003 05:00:00,.0016,2,.0093,13,.0121,12
3/15/2003 05:05:00,.0032,3,.0176,19,.0085,9
3/15/2003 05:10:00,.0026,3,.014,15,.0146,11
3/15/2003 05:15:00,.004,5,.01,15,.0143,9
3/15/2003 05:20:00,.0037,5,.0131,18,.0115,10
3/15/2003 05:25:00,.0069,8,.0254,30,.0149,14
3/15/2003 05:30:00,.0065,8,.0177,25,.0105,7
3/15/2003 05:35:00,.0073,9,.0152,20,.018,20
3/15/2003 05:40:00,.0032,4,.0141,19,.0065,10
3/15/2003 05:45:00,.0102,13,.0181,27,.0287,23
3/15/2003 05:50:00,.0041,6,.0123,21,.0164,14
3/15/2003 05:55:00,.0097,14,.024,35,.0132,13
3/15/2003 06:00:00,.0041,6,.0197,29,.0125,16
3/15/2003 06:05:00,.0095,14,.0201,31,.0096,7
3/15/2003 06:10:00,.006,8,.0269,40,.0089,11
3/15/2003 06:15:00,.0101,14,.0185,31,.0125,14
3/15/2003 06:20:00,.0112,15,.0175,30,.0183,20
3/15/2003 06:25:00,.015,23,.019,30,.0143,15
3/15/2003 06:30:00,.0208,32,.0348,53,.0211,22
3/15/2003 06:35:00,.0136,21,.0266,41,.021,22
3/15/2003 06:40:00,.0142,21,.025,43,.0177,18
3/15/2003 06:45:00,.0161,25,.0263,45,.0205,27
3/15/2003 06:50:00,.0183,30,.0317,54,.0219,23
3/15/2003 06:55:00,.0243,37,.0301,46,.0245,24
3/15/2003 07:00:00,.0208,32,.025,42,.0284,29
3/15/2003 07:05:00,.0205,32,.0325,53,.0291,33
3/15/2003 07:10:00,.0189,29,.0382,56,.0139,20
3/15/2003 07:15:00,.0258,38,.0452,73,.0247,28
3/15/2003 07:20:00,.0331,50,.0348,63,.0308,41
3/15/2003 07:25:00,.0276,43,.0372,62,.0233,34
3/15/2003 07:30:00,.0297,43,.0386,64,.0316,37
3/15/2003 07:35:00,.0274,40,.0418,64,.0236,34
3/15/2003 07:40:00,.0352,54,.0551,86,.0292,34
3/15/2003 07:45:00,.0471,65,.0473,72,.0382,41
3/15/2003 07:50:00,.0398,58,.0479,79,.0361,38
3/15/2003 07:55:00,.0297,43,.0349,56,.0302,34
3/15/2003 08:00:00,.0337,51,.0404,73,.0293,35
3/15/2003 08:05:00,.0486,75,.055,83,.0321,28
3/15/2003 08:10:00,.0512,75,.0526,88,.0383,49
3/15/2003 08:15:00,.0663,99,.0597,93,.0416,53
3/15/2003 08:20:00,.0331,50,.0525,84,.0432,54
3/15/2003 08:25:00,.0336,51,.0483,80,.0352,41
3/15/2003 08:30:00,.0421,60,.044,74,.0384,41
3/15/2003 08:35:00,.0412,60,.0485,75,.0386,48
3/15/2003 08:40:00,.0511,74,.0505,87,.04,52
3/15/2003 08:45:00,.0531,80,.0599,95,.0331,51
3/15/2003 08:50:00,.0399,63,.0562,86,.0335,47
3/15/2003 08:55:00,.0439,68,.0503,83,.0454,52
3/15/2003 09:00:00,.0523,79,.0579,84,.0413,54
3/15/2003 09:05:00,.0418,64,.047,76,.0403,51
3/15/2003 09:10:00,.0386,56,.0531,87,.0282,44
3/15/2003 09:15:00,.0501,75,.0554,92,.0368,50
3/15/2003 09:20:00,.0467,67,.0482,81,.0354,53
3/15/2003 09:25:00,.0567,84,.0529,87,.0446,54
3/15/2003 09:30:00,.0553,81,.0548,87,.0414,55
3/15/2003 09:35:00,.0517,75,.0585,95,.0412,57
3/15/2003 09:40:00,.0603,91,.058,98,.0411,52
3/15/2003 09:45:00,.0672,97,.068,103,.0443,64
3/15/2003 09:50:00,.059,84,.0596,100,.0418,62
3/15/2003 09:55:00,.0698,100,.0649,105,.0425,58
3/15/2003 10:00:00,.0638,92,.0599,102,.0456,57
3/15/2003 10:05:00,.0578,84,.0595,101,.0558,74
3/15/2003 10:10:00,.0606,88,.0591,95,.0437,59
3/15/2003 10:15:00,.0706,99,.0723,119,.0487,67
3/15/2003 10:20:00,.0641,89,.0677,109,.0505,71
3/15/2003 10:25:00,.0581,86,.0724,114,.0432,65
3/15/2003 10:30:00,.0685,100,.0696,118,.0441,60
3/15/2003 10:35:00,.0609,88,.0631,104,.0485,65
3/15/2003 10:40:00,.0788,115,.0637,104,.0574,76
3/15/2003 10:45:00,.0599,85,.081,126,.0556,71
3/15/2003 10:50:00,.0788,111,.0706,116,.0417,54
3/15/2003 10:55:00,.0619,91,.062,104,.0478,74
3/15/2003 11:00:00,.0732,107,.0773,116,.0572,71
3/15/2003 11:05:00,.0498,72,.0617,103,.0484,69
3/15/2003 11:10:00,.0538,78,.0705,114,.0582,77
3/15/2003 11:15:00,.0793,112,.0737,122,.0505,67
3/15/2003 11:20:00,.0676,98,.0599,100,.0496,64
3/15/2003 11:25:00,.0529,78,.0698,118,.0445,69
3/15/2003 11:30:00,.087,123,.0717,121,.0501,65
3/15/2003 11:35:00,.0733,102,.0678,106,.0445,69
3/15/2003 11:40:00,.0712,103,.0732,119,.0477,69
3/15/2003 11:45:00,.0796,114,.0777,125,.0517,68
3/15/2003 11:50:00,.0651,99,.0829,131,.0471,64
3/15/2003 11:55:00,.0737,110,.0667,109,.0503,70
3/15/2003 12:00:00,.0696,102,.0635,104,.0545,67
3/15/2003 12:05:00,.0896,121,.0714,111,.0626,85
3/15/2003 12:10:00,.0697,99,.0689,116,.0417,69
3/15/2003 12:15:00,.0751,109,.0788,128,.0563,87
3/15/2003 12:20:00,.0828,120,.0779,129,.0541,78
3/15/2003 12:25:00,.0732,106,.0628,103,.0466,70
3/15/2003 12:30:00,.0847,122,.0698,110,.0474,65
3/15/2003 12:35:00,.0797,116,.0725,107,.0515,73
3/15/2003 12:40:00,.0784,114,.0668,114,.0402,61
3/15/2003 12:45:00,.0603,93,.0648,116,.0537,66
3/15/2003 12:50:00,.0712,108,.0715,120,.0483,66
3/15/2003 12:55:00,.0573,87,.0684,115,.0573,79
3/15/2003 13:00:00,.0602,89,.0623,104,.0407,62
3/15/2003 13:05:00,.0669,97,.0502,85,.0454,71
3/15/2003 13:10:00,.0791,116,.0695,116,.0552,72
3/15/2003 13:15:00,.062,91,.0774,120,.0566,82
3/15/2003 13:20:00,.0959,133,.0828,126,.0621,78
3/15/2003 13:25:00,.0948,132,.0752,114,.0492,74
3/15/2003 13:30:00,.0858,126,.0678,113,.0457,61
3/15/2003 13:35:00,.0859,119,.0787,131,.0611,91
3/15/2003 13:40:00,.0759,112,.072,118,.0566,82
3/15/2003 13:45:00,.0764,113,.0744,121,.0518,83
3/15/2003 13:50:00,.0815,122,.0718,114,.053,80
3/15/2003 13:55:00,.0688,102,.0682,117,.0541,75
3/15/2003 14:00:00,.0745,107,.0675,112,.0513,72
3/15/2003 14:05:00,.0719,103,.07,116,.0462,69
3/15/2003 14:10:00,.0661,97,.0678,115,.0452,72
3/15/2003 14:15:00,.0564,86,.0633,110,.0502,74
3/15/2003 14:20:00,.0781,116,.0715,123,.053,72
3/15/2003 14:25:00,.0756,108,.065,110,.0563,75
3/15/2003 14:30:00,.07,99,.0704,111,.0557,84
3/15/2003 14:35:00,.0769,113,.0688,113,.0548,83
3/15/2003 14:40:00,.0681,97,.0652,111,.0478,73
3/15/2003 14:45:00,.0687,103,.0749,123,.0554,75
3/15/2003 14:50:00,.0621,89,.069,111,.0426,66
3/15/2003 14:55:00,.0701,98,.0677,111,.058,75
3/15/2003 15:00:00,.0808,120,.0701,117,.06,78
3/15/2003 15:05:00,.0619,94,.0683,111,.0496,71
3/15/2003 15:10:00,.073,107,.0714,106,.0567,78
3/15/2003 15:15:00,.0757,107,.0729,120,.0549,74
3/15/2003 15:20:00,.0713,103,.0701,111,.0582,82
3/15/2003 15:25:00,.0817,118,.0788,129,.0596,83
3/15/2003 15:30:00,.0587,85,.0595,98,.0439,62
3/15/2003 15:35:00,.0777,110,.0684,117,.0621,92
3/15/2003 15:40:00,.0729,108,.0764,128,.0484,64
3/15/2003 15:45:00,.0731,107,.076,135,.0558,77
3/15/2003 15:50:00,.0788,115,.0781,130,.0704,93
3/15/2003 15:55:00,.0609,89,.0611,101,.0492,75
3/15/2003 16:00:00,.0629,95,.0647,109,.053,74
3/15/2003 16:05:00,.0583,87,.0645,106,.0507,77
3/15/2003 16:10:00,.0682,98,.0738,126,.0536,84
3/15/2003 16:15:00,.0766,112,.076,127,.0566,86
3/15/2003 16:20:00,.0737,102,.0646,107,.0486,72
3/15/2003 16:25:00,.0492,74,.0568,98,.0507,78
3/15/2003 16:30:00,.0656,95,.0688,115,.0476,73
3/15/2003 16:35:00,.0549,84,.0563,95,.0489,72
3/15/2003 16:40:00,.0654,98,.0638,106,.055,76
3/15/2003 16:45:00,.0592,88,.0628,107,.042,71
3/15/2003 16:50:00,.0534,79,.0654,112,.0443,66
3/15/2003 16:55:00,.0622,90,.0674,108,.0528,74
3/15/2003 17:00:00,.0687,98,.0678,115,.0554,82
3/15/2003 17:05:00,.0694,103,.0651,107,.0525,76
3/15/2003 17:10:00,.0592,84,.059,100,.0542,83
3/15/2003 17:15:00,.0577,84,.058,99,.0403,67
3/15/2003 17:20:00,.0655,95,.0634,102,.0584,91
3/15/2003 17:25:00,.0487,72,.0597,103,.0522,76
3/15/2003 17:30:00,.0596,89,.0618,104,.0483,72
3/15/2003 17:35:00,.0737,103,.0682,111,.0525,75
3/15/2003 17:40:00,.0633,89,.0719,118,.0543,81
3/15/2003 17:45:00,.0798,112,.0662,105,.0591,88
3/15/2003 17:50:00,.0778,109,.07,114,.0564,85
3/15/2003 17:55:00,.0696,101,.0619,105,.0476,75
3/15/2003 18:00:00,.0603,88,.0686,109,.0514,68
3/15/2003 18:05:00,.0561,83,.0623,107,.0449,56
3/15/2003 18:10:00,.0587,86,.0689,117,.0441,65
3/15/2003 18:15:00,.0529,80,.066,107,.0411,60
3/15/2003 18:20:00,.0608,87,.0633,102,.0441,66
3/15/2003 18:25:00,.0502,73,.0589,97,.0449,64
3/15/2003 18:30:00,.055,80,.0532,88,.0391,59
3/15/2003 18:35:00,.0513,74,.0592,90,.0429,60
3/15/2003 18:40:00,.0606,87,.061,98,.0393,58
3/15/2003 18:45:00,.0479,68,.0535,88,.0394,54
3/15/2003 18:50:00,.0494,69,.0562,95,.038,57
3/15/2003 18:55:00,.0513,69,.0518,83,.0346,49
3/15/2003 19:00:00,.0593,84,.0563,93,.0371,54
3/15/2003 19:05:00,.0473,66,.0498,82,.0361,56
3/15/2003 19:10:00,.0538,77,.0569,94,.0411,60
3/15/2003 19:15:00,.0449,64,.0532,89,.0437,66
3/15/2003 19:20:00,.0413,58,.0557,93,.0441,61
3/15/2003 19:25:00,.0415,58,.0523,87,.0331,47
3/15/2003 19:30:00,.0467,64,.0525,83,.026,38
3/15/2003 19:35:00,.0439,64,.0544,91,.0457,66
3/15/2003 19:40:00,.0316,49,.054,85,.0305,43
3/15/2003 19:45:00,.0389,56,.0483,82,.0375,57
3/15/2003 19:50:00,.0392,55,.0511,84,.0451,62
3/15/2003 19:55:00,.0381,56,.0421,68,.0403,58
3/15/2003 20:00:00,.0396,57,.0461,72,.034,44
3/15/2003 20:05:00,.0405,59,.0483,77,.03,47
3/15/2003 20:10:00,.0362,50,.0502,79,.0337,47
3/15/2003 20:15:00,.0433,62,.0406,69,.035,48
3/15/2003 20:20:00,.032,44,.042,70,.035,46
3/15/2003 20:25:00,.0306,45,.0431,70,.0303,46
3/15/2003 20:30:00,.0331,46,.0386,65,.0337,48
3/15/2003 20:35:00,.0313,44,.0494,74,.0343,45
3/15/2003 20:40:00,.0381,53,.043,71,.0298,46
3/15/2003 20:45:00,.0377,52,.0425,69,.0313,40
3/15/2003 20:50:00,.036,52,.0379,67,.032,44
3/15/2003 20:55:00,.0257,38,.0437,74,.0291,39
3/15/2003 21:00:00,.0431,62,.0476,76,.0298,44
3/15/2003 21:05:00,.0381,54,.0435,69,.035,46
3/15/2003 21:10:00,.035,48,.0385,60,.0288,42
3/15/2003 21:15:00,.0331,48,.0512,78,.0357,53
3/15/2003 21:20:00,.0247,35,.035,54,.0343,45
3/15/2003 21:25:00,.039,55,.0454,74,.0343,52
3/15/2003 21:30:00,.0274,39,.0448,79,.0301,48
3/15/2003 21:35:00,.0307,43,.0529,87,.0408,54
3/15/2003 21:40:00,.042,58,.0554,90,.0355,59
3/15/2003 21:45:00,.0299,43,.0467,78,.0351,57
3/15/2003 21:50:00,.0368,51,.0543,88,.0423,67
3/15/2003 21:55:00,.0423,61,.0426,68,.0326,47
3/15/2003 22:00:00,.0349,46,.0354,59,.0273,39
3/15/2003 22:05:00,.0241,32,.0344,57,.0291,45
3/15/2003 22:10:00,.0366,52,.0453,76,.0269,41
3/15/2003 22:15:00,.0232,33,.0326,51,.0307,45
3/15/2003 22:20:00,.0265,38,.0339,55,.031,45
3/15/2003 22:25:00,.0242,35,.0401,67,.0235,34
3/15/2003 22:30:00,.0278,41,.0343,58,.0238,39
3/15/2003 22:35:00,.03,44,.0409,69,.0288,44
3/15/2003 22:40:00,.0339,49,.0401,65,.0249,41
3/15/2003 22:45:00,.0273,38,.0395,66,.0255,38
3/15/2003 22:50:00,.0223,32,.0388,68,.0264,43
3/15/2003 22:55:00,.02,28,.0262,45,.0303,41
3/15/2003 23:00:00,.026,37,.0366,61,.0204,34
3/15/2003 23:05:00,.0183,27,.0292,47,.0257,40
3/15/2003 23:10:00,.0163,24,.031,51,.0253,39
3/15/2003 23:15:00,.0212,30,.0356,60,.0291,45
3/15/2003 23:20:00,.0173,25,.0281,51,.0232,32
3/15/2003 23:25:00,.0208,29,.0301,51,.0224,37
3/15/2003 23:30:00,.0213,30,.0324,55,.0177,25
3/15/2003 23:35:00,.0179,26,.0286,47,.0164,25
3/15/2003 23:40:00,.0237,34,.032,55,.0214,30
3/15/2003 23:45:00,.0243,33,.0301,51,.0258,40
3/15/2003 23:50:00,.021,29,.0252,43,.0171,28
3/15/2003 23:55:00,.0151,23,.0293,49,.0161,28
3/16/2003 00:00:00,.0148,20,.0226,39,.0154,26
3/16/2003 00:05:00,.014,20,.0254,40,.0146,24
3/16/2003 00:10:00,.0135,19,.0192,34,.0196,28
3/16/2003 00:15:00,.0149,21,.0218,33,.013,18
3/16/2003 00:20:00,.0101,15,.0195,33,.0181,29
3/16/2003 00:25:00,.0086,11,.0206,33,.0209,31
3/16/2003 00:30:00,.0117,17,.0211,35,.0199,26
3/16/2003 00:35:00,.0083,13,.0148,24,.0117,19
3/16/2003 00:40:00,.0098,15,.0197,34,.0127,21
3/16/2003 00:45:00,.006,8,.0167,25,.0107,19
3/16/2003 00:50:00,.0078,11,.0159,23,.0144,24
3/16/2003 00:55:00,.0102,14,.0146,25,.0145,22
3/16/2003 01:00:00,.0071,10,.0135,23,.014,23
3/16/2003 01:05:00,.0029,5,.0142,23,.0099,17
3/16/2003 01:10:00,.0043,7,.0096,17,.0118,20
3/16/2003 01:15:00,.0032,5,.0123,19,.0089,16
3/16/2003 01:20:00,.0047,6,.0101,15,.0054,10
3/16/2003 01:25:00,.0055,9,.0125,21,.0163,17
3/16/2003 01:30:00,.004,6,.0107,18,.009,15
3/16/2003 01:35:00,.0046,7,.0112,19,.0126,19
3/16/2003 01:40:00,.0033,5,.0093,16,.0112,15
3/16/2003 01:45:00,.0051,7,.0145,25,.0079,13
3/16/2003 01:50:00,.0073,11,.0158,28,.0099,16
3/16/2003 01:55:00,.0039,5,.0111,20,.01,18
3/16/2003 02:00:00,.0093,15,.0199,31,.014,20
3/16/2003 02:05:00,.0059,9,.0141,24,.0132,23
3/16/2003 02:10:00,.0055,8,.0118,21,.0087,14
3/16/2003 02:15:00,.0036,5,.011,19,.0108,16
3/16/2003 02:20:00,.0042,5,.0209,34,.0081,11
3/16/2003 02:25:00,.0046,7,.0096,16,.0127,13
3/16/2003 02:30:00,.002,3,.0073,14,.0063,5
3/16/2003 02:35:00,.0009,1,.0083,14,.0074,8
3/16/2003 02:40:00,.0014,2,.0112,18,.0095,15
3/16/2003 02:45:00,.0019,3,.0083,12,.0044,7
3/16/2003 02:50:00,.002,3,.0078,11,.0052,9
3/16/2003 02:55:00,.0014,2,.007,12,.0103,12
3/16/2003 03:00:00,.0061,8,.0055,9,.01,13
3/16/2003 03:05:00,0,0,.0087,11,.0102,12
3/16/2003 03:10:00,.0018,3,.0042,7,.0101,17
3/16/2003 03:15:00,.0007,1,.0076,13,.003,5
3/16/2003 03:20:00,.0007,1,.0047,8,.0056,10
3/16/2003 03:25:00,.0014,2,.0051,9,.0062,10
3/16/2003 03:30:00,.0013,2,.0069,12,.0053,9
3/16/2003 03:35:00,.0013,2,.0038,7,.008,7
3/16/2003 03:40:00,0,0,.0051,9,.0034,6
3/16/2003 03:45:00,.0017,2,.007,12,.0049,8
3/16/2003 03:50:00,.0018,3,.0057,8,.0088,12
3/16/2003 03:55:00,.0039,4,.0053,9,.0046,8
3/16/2003 04:00:00,.0043,6,.0134,18,.0035,5
3/16/2003 04:05:00,.0024,4,.0054,8,.0041,7
3/16/2003 04:10:00,.0016,2,.0065,12,.0067,9
3/16/2003 04:15:00,.0007,1,.0048,8,.0056,5
3/16/2003 04:20:00,.002,3,.0056,8,.0024,4
3/16/2003 04:25:00,.0006,1,.0063,10,.0045,4
3/16/2003 04:30:00,.001,2,.0094,9,.0041,7
3/16/2003 04:35:00,.0008,1,.0035,6,.0018,3
3/16/2003 04:40:00,.0006,1,.0092,16,.0081,8
3/16/2003 04:45:00,.0011,2,.0055,9,.0057,7
3/16/2003 04:50:00,.0013,2,.0044,7,.0043,7
3/16/2003 04:55:00,.0033,4,.0067,10,.0034,6
3/16/2003 05:00:00,.0016,2,.0075,13,.0066,5
3/16/2003 05:05:00,.0024,4,.0081,11,.0036,6
3/16/2003 05:10:00,.0008,1,.0054,10,.0041,7
3/16/2003 05:15:00,.0028,4,.0134,22,.0073,7
3/16/2003 05:20:00,.0016,2,.0101,14,.0034,6
3/16/2003 05:25:00,0,0,.0078,13,.0051,9
3/16/2003 05:30:00,.0027,4,.009,16,.0098,12
3/16/2003 05:35:00,.0018,3,.0115,18,.0056,9
3/16/2003 05:40:00,.0034,5,.0128,19,.0054,10
3/16/2003 05:45:00,.006,8,.0133,23,.0099,14
3/16/2003 05:50:00,.0013,2,.0101,15,.003,5
3/16/2003 05:55:00,.0056,9,.0112,20,.0092,12
3/16/2003 06:00:00,.002,3,.0097,18,.0048,8
3/16/2003 06:05:00,.0037,5,.0121,20,.0066,11
3/16/2003 06:10:00,.0063,9,.0164,28,.0078,13
3/16/2003 06:15:00,.0069,10,.0152,26,.0091,11
3/16/2003 06:20:00,.0044,6,.0161,27,.0104,19
3/16/2003 06:25:00,.0099,15,.0163,29,.0134,14
3/16/2003 06:30:00,.0115,17,.0171,27,.0118,15
3/16/2003 06:35:00,.015,22,.0216,33,.0135,21
3/16/2003 06:40:00,.0122,18,.027,42,.0144,19
3/16/2003 06:45:00,.0161,25,.0227,39,.0107,18
3/16/2003 06:50:00,.0115,17,.0255,43,.0107,15
3/16/2003 06:55:00,.0117,17,.0221,40,.0107,15
3/16/2003 07:00:00,.0109,17,.0177,30,.012,17
3/16/2003 07:05:00,.0197,29,.0322,52,.0172,26
3/16/2003 07:10:00,.0236,36,.0336,52,.0164,24
3/16/2003 07:15:00,.0238,37,.0305,51,.0135,20
3/16/2003 07:20:00,.0217,32,.0317,54,.0219,32
3/16/2003 07:25:00,.0175,25,.0207,37,.0186,29
3/16/2003 07:30:00,.0206,29,.0268,45,.0162,24
3/16/2003 07:35:00,.0225,34,.0326,55,.0171,24
3/16/2003 07:40:00,.0217,33,.0329,53,.0194,29
3/16/2003 07:45:00,.0175,27,.0202,36,.0219,29
3/16/2003 07:50:00,.0249,36,.0279,49,.0164,24
3/16/2003 07:55:00,.0228,32,.0248,42,.0197,26
3/16/2003 08:00:00,.0176,26,.0232,40,.0163,21
3/16/2003 08:05:00,.0233,33,.0272,46,.0166,24
3/16/2003 08:10:00,.0268,42,.0256,46,.0205,33
3/16/2003 08:15:00,.0279,40,.0291,48,.0262,30
3/16/2003 08:20:00,.0191,28,.0282,45,.0319,42
3/16/2003 08:25:00,.0197,28,.0275,46,.024,35
3/16/2003 08:30:00,.0231,36,.0307,52,.0166,28
3/16/2003 08:35:00,.035,50,.0374,64,.025,41
3/16/2003 08:40:00,.0223,36,.0328,53,.0236,36
3/16/2003 08:45:00,.0291,45,.0357,60,.0246,36
3/16/2003 08:50:00,.0259,40,.0367,61,.0255,34
3/16/2003 08:55:00,.0272,37,.0361,57,.0272,35
3/16/2003 09:00:00,.0279,38,.0358,61,.0265,38
3/16/2003 09:05:00,.0234,35,.0342,53,.0226,33
3/16/2003 09:10:00,.0279,40,.0345,57,.0296,40
3/16/2003 09:15:00,.0222,33,.0376,66,.0298,50
3/16/2003 09:20:00,.0328,45,.0372,61,.0311,42
3/16/2003 09:25:00,.0301,43,.0444,71,.0302,43
3/16/2003 09:30:00,.0267,39,.0465,78,.0311,44
3/16/2003 09:35:00,.0404,61,.0474,78,.0358,48
3/16/2003 09:40:00,.033,49,.0466,71,.0365,45
3/16/2003 09:45:00,.0422,61,.0534,85,.0265,40
3/16/2003 09:50:00,.044,63,.0452,75,.0336,41
3/16/2003 09:55:00,.0351,52,.0529,85,.0352,49
3/16/2003 10:00:00,.0374,55,.0496,83,.0316,47
3/16/2003 10:05:00,.0432,61,.0556,88,.0368,47
3/16/2003 10:10:00,.0342,50,.0525,86,.0346,50
3/16/2003 10:15:00,.0335,49,.045,76,.0387,52
3/16/2003 10:20:00,.0447,64,.055,83,.0323,51
3/16/2003 10:25:00,.0413,62,.0485,80,.0414,55
3/16/2003 10:30:00,.0423,60,.0501,88,.0436,59
3/16/2003 10:35:00,.0464,68,.0522,91,.0422,62
3/16/2003 10:40:00,.0428,61,.0489,83,.0376,54
3/16/2003 10:45:00,.0582,84,.0585,101,.0362,50
3/16/2003 10:50:00,.0564,79,.0594,101,.0485,52
3/16/2003 10:55:00,.0484,71,.0526,87,.0367,55
3/16/2003 11:00:00,.0505,70,.049,82,.0413,59
3/16/2003 11:05:00,.0401,57,.057,92,.0409,53
3/16/2003 11:10:00,.0724,100,.0694,104,.0401,55
3/16/2003 11:15:00,.0678,88,.0583,91,.0468,61
3/16/2003 11:20:00,.0623,82,.0556,84,.0432,57
3/16/2003 11:25:00,.0638,85,.0551,80,.0423,57
3/16/2003 11:30:00,.0622,82,.0587,90,.0392,47
3/16/2003 11:35:00,.0603,81,.0656,98,.0406,53
3/16/2003 11:40:00,.0513,71,.057,86,.0431,55
3/16/2003 11:45:00,.0619,87,.0519,80,.0377,45
3/16/2003 11:50:00,.0608,81,.0634,91,.0364,45
3/16/2003 11:55:00,.0586,80,.0554,87,.0397,52
3/16/2003 12:00:00,.042,60,.0527,85,.0335,52
3/16/2003 12:05:00,.0498,69,.0549,88,.0331,56
3/16/2003 12:10:00,.0653,87,.0609,92,.0385,52
3/16/2003 12:15:00,.0664,88,.0598,93,.0454,58
3/16/2003 12:20:00,.0708,91,.0792,109,.0435,59
3/16/2003 12:25:00,.0663,87,.0664,98,.0489,73
3/16/2003 12:30:00,.0677,90,.063,87,.0403,59
3/16/2003 12:35:00,.0798,106,.0655,93,.0486,57
3/16/2003 12:40:00,.0528,72,.0553,84,.042,60
3/16/2003 12:45:00,.0577,78,.0616,98,.0455,62
3/16/2003 12:50:00,.0701,95,.0632,100,.0429,59
3/16/2003 12:55:00,.064,88,.0744,118,.0396,53
3/16/2003 13:00:00,.0551,76,.0547,86,.0357,52
3/16/2003 13:05:00,.0819,111,.0625,100,.0445,56
3/16/2003 13:10:00,.058,81,.0629,100,.0421,60
3/16/2003 13:15:00,.0778,108,.065,103,.0505,68
3/16/2003 13:20:00,.0693,95,.0641,97,.0448,58
3/16/2003 13:25:00,.0791,106,.064,102,.0549,76
3/16/2003 13:30:00,.0604,83,.0547,90,.0379,52
3/16/2003 13:35:00,.0478,69,.0583,98,.0388,55
3/16/2003 13:40:00,.0484,69,.0592,94,.0505,70
3/16/2003 13:45:00,.0651,98,.0603,97,.0438,60
3/16/2003 13:50:00,.0678,97,.0595,101,.0495,68
3/16/2003 13:55:00,.0583,83,.0645,105,.0378,55
3/16/2003 14:00:00,.0584,85,.06,97,.0494,70
3/16/2003 14:05:00,.0541,75,.0561,92,.0377,56
3/16/2003 14:10:00,.0369,53,.0555,94,.0448,60
3/16/2003 14:15:00,.0678,96,.0614,104,.045,69
3/16/2003 14:20:00,.0549,77,.0638,102,.0483,70
3/16/2003 14:25:00,.061,85,.0559,91,.0389,57
3/16/2003 14:30:00,.0664,99,.0625,107,.0435,66
3/16/2003 14:35:00,.046,67,.0515,87,.0419,61
3/16/2003 14:40:00,.0546,81,.0585,102,.0454,65
3/16/2003 14:45:00,.0492,71,.0612,109,.033,50
3/16/2003 14:50:00,.0431,67,.0528,90,.0341,52
3/16/2003 14:55:00,.0472,68,.0553,94,.0481,70
3/16/2003 15:00:00,.0491,72,.0619,104,.0416,62
3/16/2003 15:05:00,.0618,89,.0599,90,.041,60
3/16/2003 15:10:00,.0531,78,.0638,101,.0468,67
3/16/2003 15:15:00,.1218,166,.0968,143,.0605,90
3/16/2003 15:20:00,.1589,157,.1344,144,.0851,94
3/16/2003 15:25:00,.2715,138,.2402,131,.127,86
3/16/2003 15:30:00,.3018,133,.2799,128,.1491,88
3/16/2003 15:35:00,.2755,131,.2421,118,.1264,87
3/16/2003 15:40:00,.2635,138,.2162,123,.111,79
3/16/2003 15:45:00,.2441,136,.1961,127,.1349,85
3/16/2003 15:50:00,.1794,130,.1465,126,.0769,72
3/16/2003 15:55:00,.079,112,.0759,121,.0504,64
3/16/2003 16:00:00,.0618,90,.0657,111,.0556,84
3/16/2003 16:05:00,.0697,98,.0627,103,.0577,81
3/16/2003 16:10:00,.0638,90,.0736,123,.0471,70
3/16/2003 16:15:00,.0663,95,.0607,104,.0532,78
3/16/2003 16:20:00,.0668,91,.0745,123,.0558,81
3/16/2003 16:25:00,.064,88,.0586,97,.0509,71
3/16/2003 16:30:00,.0698,102,.0705,119,.0486,73
3/16/2003 16:35:00,.0636,91,.066,113,.0524,66
3/16/2003 16:40:00,.0691,99,.0635,109,.0459,71
3/16/2003 16:45:00,.0511,76,.0598,103,.0456,73
3/16/2003 16:50:00,.0638,93,.0552,95,.0458,66
3/16/2003 16:55:00,.0639,93,.0759,119,.0473,66
3/16/2003 17:00:00,.0696,100,.0686,108,.0484,65
3/16/2003 17:05:00,.0668,92,.058,98,.0599,86
3/16/2003 17:10:00,.0875,125,.0718,122,.049,72
3/16/2003 17:15:00,.072,103,.0638,110,.0477,71
3/16/2003 17:20:00,.06,89,.0548,87,.0406,59
3/16/2003 17:25:00,.0498,73,.0517,89,.0432,60
3/16/2003 17:30:00,.06,86,.0542,94,.0472,68
3/16/2003 17:35:00,.0558,79,.0588,98,.0417,61
3/16/2003 17:40:00,.0573,84,.0563,94,.0348,53
3/16/2003 17:45:00,.0726,103,.0584,98,.0399,56
3/16/2003 17:50:00,.063,93,.0586,99,.0358,55
3/16/2003 17:55:00,.0554,79,.0547,94,.0365,58
3/16/2003 18:00:00,.0531,77,.0553,93,.0423,59
3/16/2003 18:05:00,.0516,74,.058,98,.0427,62
3/16/2003 18:10:00,.0496,72,.0599,99,.0516,65
3/16/2003 18:15:00,.0478,73,.0561,95,.0373,59
3/16/2003 18:20:00,.0459,67,.055,90,.0349,50
3/16/2003 18:25:00,.0572,80,.0506,82,.0507,69
3/16/2003 18:30:00,.0345,50,.052,85,.0364,54
3/16/2003 18:35:00,.0561,78,.0515,85,.0452,58
3/16/2003 18:40:00,.0397,60,.0494,79,.0278,44
3/16/2003 18:45:00,.0578,83,.0599,98,.0446,61
3/16/2003 18:50:00,.054,73,.0596,94,.0499,57
3/16/2003 18:55:00,.0511,68,.0569,86,.0446,59
3/16/2003 19:00:00,.0464,57,.0553,81,.0432,56
3/16/2003 19:05:00,.0609,75,.0559,81,.0408,47
3/16/2003 19:10:00,.0551,69,.0651,91,.0473,52
3/16/2003 19:15:00,.0389,50,.058,85,.0327,47
3/16/2003 19:20:00,.0441,56,.0478,70,.038,48
3/16/2003 19:25:00,.0611,77,.0677,95,.0349,45
3/16/2003 19:30:00,.0509,62,.0424,68,.0338,44
3/16/2003 19:35:00,.0527,70,.0587,85,.0428,51
3/16/2003 19:40:00,.0539,70,.0527,83,.0354,48
3/16/2003 19:45:00,.0431,56,.0571,84,.04,53
3/16/2003 19:50:00,.0451,61,.052,81,.0348,51
3/16/2003 19:55:00,.0381,51,.0443,67,.0329,44
3/16/2003 20:00:00,.0345,48,.0536,85,.0299,46
3/16/2003 20:05:00,.0487,66,.052,78,.0341,47
3/16/2003 20:10:00,.0575,72,.0553,87,.0357,52
3/16/2003 20:15:00,.0332,44,.041,69,.0296,43
3/16/2003 20:20:00,.0456,64,.0445,72,.0323,51
3/16/2003 20:25:00,.0373,54,.0464,75,.0327,44
3/16/2003 20:30:00,.0327,47,.0369,58,.0326,42
3/16/2003 20:35:00,.0307,44,.0474,75,.0307,41
3/16/2003 20:40:00,.0432,59,.0372,59,.0274,40
3/16/2003 20:45:00,.0367,53,.0425,69,.0344,41
3/16/2003 20:50:00,.0309,45,.0431,73,.0299,39
3/16/2003 20:55:00,.0245,34,.0413,65,.0275,35
3/16/2003 21:00:00,.038,51,.0406,68,.0398,50
3/16/2003 21:05:00,.0322,45,.0397,66,.0369,50
3/16/2003 21:10:00,.0406,58,.0422,70,.0366,53
3/16/2003 21:15:00,.026,37,.038,62,.0279,39
3/16/2003 21:20:00,.0302,44,.034,56,.0291,45
3/16/2003 21:25:00,.0357,51,.0392,65,.0345,49
3/16/2003 21:30:00,.0277,40,.0359,59,.0258,36
3/16/2003 21:35:00,.0342,47,.0333,56,.0345,43
3/16/2003 21:40:00,.0262,37,.0406,67,.0288,37
3/16/2003 21:45:00,.0244,36,.0373,63,.0286,42
3/16/2003 21:50:00,.0403,58,.036,62,.0272,38
3/16/2003 21:55:00,.0232,34,.037,62,.0262,34
3/16/2003 22:00:00,.0191,28,.0288,45,.0279,37
3/16/2003 22:05:00,.0245,36,.0322,56,.0243,38
3/16/2003 22:10:00,.0308,43,.0423,70,.0311,46
3/16/2003 22:15:00,.0262,38,.0317,50,.0207,33
3/16/2003 22:20:00,.0147,20,.0327,49,.022,30
3/16/2003 22:25:00,.0257,38,.0279,48,.0195,29
3/16/2003 22:30:00,.0206,30,.0331,52,.0257,34
3/16/2003 22:35:00,.0228,32,.0314,50,.0215,27
3/16/2003 22:40:00,.0206,29,.0282,47,.0129,21
3/16/2003 22:45:00,.0162,25,.0257,40,.0144,22
3/16/2003 22:50:00,.0138,18,.025,41,.0177,20
3/16/2003 22:55:00,.0169,24,.0257,45,.0147,25
3/16/2003 23:00:00,.016,22,.0324,49,.017,24
3/16/2003 23:05:00,.0182,24,.0301,50,.0169,25
3/16/2003 23:10:00,.0146,19,.0237,40,.0187,25
3/16/2003 23:15:00,.0131,18,.0188,33,.0185,23
3/16/2003 23:20:00,.0111,16,.0224,38,.0182,27
3/16/2003 23:25:00,.0121,17,.025,42,.0153,24
3/16/2003 23:30:00,.0113,15,.0208,35,.0137,17
3/16/2003 23:35:00,.0174,23,.021,34,.0225,26
3/16/2003 23:40:00,.0068,10,.0234,39,.0117,19
3/16/2003 23:45:00,.0097,15,.0139,23,.0189,21
3/16/2003 23:50:00,.01,15,.0153,27,.0134,20
3/16/2003 23:55:00,.0098,14,.0208,34,.0109,18
3/17/2003 00:00:00,.0068,9,.0194,32,.0087,15
3/17/2003 00:05:00,.007,9,.0099,17,.0119,14
3/17/2003 00:10:00,.0063,9,.0129,23,.0138,16
3/17/2003 00:15:00,.0101,15,.0203,34,.011,19
3/17/2003 00:20:00,.01,14,.019,30,.0135,16
3/17/2003 00:25:00,.0081,12,.0186,31,.0075,12
3/17/2003 00:30:00,.0068,9,.0166,26,.0139,17
3/17/2003 00:35:00,.0047,7,.0134,21,.0102,16
3/17/2003 00:40:00,.0102,13,.0127,22,.0141,14
3/17/2003 00:45:00,.0036,6,.0149,25,.0117,15
3/17/2003 00:50:00,.0019,3,.0099,16,.0113,8
3/17/2003 00:55:00,.0035,5,.0082,14,.0087,11
3/17/2003 01:00:00,.0012,2,.0118,20,.0092,6
3/17/2003 01:05:00,.0052,8,.007,12,.0083,10
3/17/2003 01:10:00,.0006,1,.0096,14,.0056,9
3/17/2003 01:15:00,.0031,4,.0062,11,.0136,12
3/17/2003 01:20:00,.0033,5,.0049,9,.0088,10
3/17/2003 01:25:00,.0022,4,.0089,12,.0187,13
3/17/2003 01:30:00,.0022,4,.0043,8,.0103,14
3/17/2003 01:35:00,.0018,3,.004,7,.0083,7
3/17/2003 01:40:00,.003,4,.0058,10,.0043,5
3/17/2003 01:45:00,.0033,5,.0091,14,.0053,9
3/17/2003 01:50:00,.0031,5,.0107,12,.0118,12
3/17/2003 01:55:00,.0059,9,.0052,8,.0081,7
3/17/2003 02:00:00,0,0,.0061,7,.0075,13
3/17/2003 02:05:00,.0006,1,.0088,12,.0048,5
3/17/2003 02:10:00,0,0,.0033,6,.0057,6
3/17/2003 02:15:00,.0032,5,.0035,6,.0121,11
3/17/2003 02:20:00,.0013,2,.008,14,.0081,7
3/17/2003 02:25:00,.0007,1,.0087,12,.0082,6
3/17/2003 02:30:00,.0031,4,.0068,11,.0092,7
3/17/2003 02:35:00,.0011,2,.0041,7,.0097,6
3/17/2003 02:40:00,.0025,4,.0083,12,.0145,11
3/17/2003 02:45:00,.0017,2,.0045,7,.0092,6
3/17/2003 02:50:00,0,0,.0042,5,.0127,8
3/17/2003 02:55:00,.0034,5,.0034,6,.0116,8
3/17/2003 03:00:00,.0017,3,.0074,8,.0076,8
3/17/2003 03:05:00,.0018,3,.0031,5,.0072,6
3/17/2003 03:10:00,.0014,2,.0064,8,.012,11
3/17/2003 03:15:00,.0014,2,.0051,7,.0038,4
3/17/2003 03:20:00,.0012,2,.0062,11,.0027,5
3/17/2003 03:25:00,.0013,2,.0074,13,.0129,8
3/17/2003 03:30:00,.002,3,.0051,9,.0065,5
3/17/2003 03:35:00,.0009,1,.0103,12,.0134,10
3/17/2003 03:40:00,.0006,1,.0067,11,.0082,7
3/17/2003 03:45:00,.0006,1,.0068,8,.0034,3
3/17/2003 03:50:00,.0024,3,.005,9,.012,7
3/17/2003 03:55:00,.0006,1,.0057,9,.0016,3
3/17/2003 04:00:00,.0027,4,.0049,5,.0123,10
3/17/2003 04:05:00,.0023,3,.0076,10,.0057,4
3/17/2003 04:10:00,.0028,4,.0113,18,.0095,7
3/17/2003 04:15:00,.0014,2,.0084,13,.0109,6
3/17/2003 04:20:00,.0011,2,.0064,8,.0118,9
3/17/2003 04:25:00,.0047,6,.0071,9,.0164,8
3/17/2003 04:30:00,.0057,8,.0205,23,.0124,10
3/17/2003 04:35:00,.0022,3,.0164,27,.0078,10
3/17/2003 04:40:00,.004,5,.0132,18,.0104,15
3/17/2003 04:45:00,.0044,7,.0124,19,.019,17
3/17/2003 04:50:00,.0032,5,.0086,15,.0189,14
3/17/2003 04:55:00,.0041,6,.0118,12,.0132,12
3/17/2003 05:00:00,.0046,6,.0131,16,.0132,11
3/17/2003 05:05:00,.0072,8,.0137,24,.017,18
3/17/2003 05:10:00,.0131,18,.0285,39,.0246,21
3/17/2003 05:15:00,.0087,13,.0236,35,.0195,20
3/17/2003 05:20:00,.0081,13,.0183,28,.0198,17
3/17/2003 05:25:00,.0115,16,.0236,35,.0244,24
3/17/2003 05:30:00,.0168,23,.028,44,.0322,25
3/17/2003 05:35:00,.0119,17,.0333,48,.0313,28
3/17/2003 05:40:00,.0241,34,.0343,56,.0296,30
3/17/2003 05:45:00,.0336,46,.0388,62,.0335,27
3/17/2003 05:50:00,.0237,32,.0412,64,.0462,37
3/17/2003 05:55:00,.0227,30,.038,60,.0296,30
3/17/2003 06:00:00,.0263,36,.0344,53,.029,33
3/17/2003 06:05:00,.0358,48,.0466,72,.0342,38
3/17/2003 06:10:00,.0428,59,.046,76,.042,40
3/17/2003 06:15:00,.0415,61,.0494,72,.039,45
3/17/2003 06:20:00,.0558,79,.0583,94,.0492,44
3/17/2003 06:25:00,.0506,72,.0634,92,.0395,34
3/17/2003 06:30:00,.0557,78,.0564,90,.04,45
3/17/2003 06:35:00,.0791,115,.0655,105,.0534,47
3/17/2003 06:40:00,.061,87,.0565,83,.0383,43
3/17/2003 06:45:00,.1011,139,.0704,103,.0601,57
3/17/2003 06:50:00,.0839,119,.0727,105,.0523,50
3/17/2003 06:55:00,.0672,96,.062,99,.0469,42
3/17/2003 07:00:00,.0768,111,.078,112,.0371,48
3/17/2003 07:05:00,.0893,125,.0833,126,.0493,54
3/17/2003 07:10:00,.0767,111,.0675,107,.0487,63
3/17/2003 07:15:00,.1045,148,.0847,125,.0549,67
3/17/2003 07:20:00,.0747,109,.068,109,.0427,46
3/17/2003 07:25:00,.1037,150,.0842,136,.0514,66
3/17/2003 07:30:00,.0994,145,.0828,129,.0619,68
3/17/2003 07:35:00,.116,163,.089,134,.0625,67
3/17/2003 07:40:00,.1202,168,.0978,148,.061,70
3/17/2003 07:45:00,.1103,153,.0832,130,.0577,75
3/17/2003 07:50:00,.0992,138,.0808,123,.0632,72
3/17/2003 07:55:00,.0946,134,.0729,114,.056,67
3/17/2003 08:00:00,.0757,109,.076,119,.0584,61
3/17/2003 08:05:00,.0812,115,.0732,115,.0565,61
3/17/2003 08:10:00,.089,128,.0755,120,.0596,67
3/17/2003 08:15:00,.0792,116,.0715,110,.0539,70
3/17/2003 08:20:00,.0684,104,.0725,117,.0432,53
3/17/2003 08:25:00,.0561,87,.0678,111,.0433,56
3/17/2003 08:30:00,.0669,96,.0697,104,.0468,60
3/17/2003 08:35:00,.0759,106,.0806,121,.0578,55
3/17/2003 08:40:00,.0687,102,.0602,100,.051,54
3/17/2003 08:45:00,.0602,86,.067,105,.0493,49
3/17/2003 08:50:00,.0534,77,.0621,92,.0524,54
3/17/2003 08:55:00,.0583,84,.062,86,.0654,63
3/17/2003 09:00:00,.0598,88,.0614,91,.0457,51
3/17/2003 09:05:00,.0365,53,.053,86,.0479,59
3/17/2003 09:10:00,.0534,76,.0652,98,.0472,48
3/17/2003 09:15:00,.0469,67,.0639,95,.061,61
3/17/2003 09:20:00,.0542,77,.0677,97,.0585,48
3/17/2003 09:25:00,.0382,56,.0522,84,.0457,51
3/17/2003 09:30:00,.0482,69,.0671,98,.0574,54
3/17/2003 09:35:00,.0562,78,.0637,95,.0563,54
3/17/2003 09:40:00,.0642,90,.0594,94,.0661,68
3/17/2003 09:45:00,.0462,68,.0639,102,.0575,63
3/17/2003 09:50:00,.0428,64,.0535,83,.0484,47
3/17/2003 09:55:00,.0588,84,.0627,96,.0587,56
3/17/2003 10:00:00,.0459,67,.0591,90,.055,59
3/17/2003 10:05:00,.0443,63,.0655,92,.0566,61
3/17/2003 10:10:00,.0581,82,.0658,92,.059,61
3/17/2003 10:15:00,.0485,65,.0574,90,.0559,62
3/17/2003 10:20:00,.0636,88,.0615,95,.0515,50
3/17/2003 10:25:00,.0529,78,.0545,89,.0503,54
3/17/2003 10:30:00,.0554,77,.0657,95,.0522,58
3/17/2003 10:35:00,.0492,68,.0699,109,.0514,54
3/17/2003 10:40:00,.0526,75,.0673,106,.053,59
3/17/2003 10:45:00,.049,69,.0646,98,.0579,61
3/17/2003 10:50:00,.0487,70,.0676,101,.0643,66
3/17/2003 10:55:00,.0495,69,.0585,93,.062,57
3/17/2003 11:00:00,.0468,66,.0596,84,.0562,64
3/17/2003 11:05:00,.0536,77,.0643,99,.0658,62
3/17/2003 11:10:00,.0533,77,.0701,104,.059,66
3/17/2003 11:15:00,.048,70,.0691,103,.0627,66
3/17/2003 11:20:00,.0649,93,.077,113,.0566,65
3/17/2003 11:25:00,.0598,81,.0704,103,.0661,66
3/17/2003 11:30:00,.0604,86,.076,103,.0597,64
3/17/2003 11:35:00,.0655,91,.0696,101,.0616,57
3/17/2003 11:40:00,.0691,95,.0706,99,.059,58
3/17/2003 11:45:00,.0599,83,.0713,105,.0595,75
3/17/2003 11:50:00,.0629,87,.0682,94,.05,52
3/17/2003 11:55:00,.0645,94,.0799,109,.0769,70
3/17/2003 12:00:00,.0527,76,.0641,94,.0633,69
3/17/2003 12:05:00,.0601,84,.0697,109,.0677,74
3/17/2003 12:10:00,.053,74,.0629,94,.0579,70
3/17/2003 12:15:00,.0822,113,.0737,113,.0706,69
3/17/2003 12:20:00,.0689,98,.0654,97,.0629,60
3/17/2003 12:25:00,.0696,97,.0723,103,.0684,70
3/17/2003 12:30:00,.0722,100,.0672,102,.06,62
3/17/2003 12:35:00,.0544,78,.0645,100,.0498,56
3/17/2003 12:40:00,.0735,102,.0917,121,.0699,70
3/17/2003 12:45:00,.0682,98,.087,122,.0618,64
3/17/2003 12:50:00,.0599,83,.0651,101,.0532,56
3/17/2003 12:55:00,.0578,79,.0787,111,.0605,65
3/17/2003 13:00:00,.0611,86,.0789,104,.0582,58
3/17/2003 13:05:00,.061,88,.0719,116,.0644,68
3/17/2003 13:10:00,.0818,114,.0789,118,.0565,67
3/17/2003 13:15:00,.0699,94,.0799,113,.075,86
3/17/2003 13:20:00,.0672,95,.0649,101,.0622,64
3/17/2003 13:25:00,.0522,75,.0689,98,.0615,69
3/17/2003 13:30:00,.0676,96,.0705,107,.0554,69
3/17/2003 13:35:00,.0621,88,.0732,114,.071,74
3/17/2003 13:40:00,.0899,127,.0765,107,.0732,75
3/17/2003 13:45:00,.0694,98,.0766,120,.0612,71
3/17/2003 13:50:00,.0813,110,.0726,96,.0687,80
3/17/2003 13:55:00,.0546,80,.0738,110,.0632,79
3/17/2003 14:00:00,.0703,98,.0799,111,.073,73
3/17/2003 14:05:00,.0817,119,.0809,119,.061,73
3/17/2003 14:10:00,.0611,86,.0728,116,.0577,66
3/17/2003 14:15:00,.0909,127,.0827,122,.0751,79
3/17/2003 14:20:00,.0677,98,.0762,109,.0649,69
3/17/2003 14:25:00,.0842,116,.0759,106,.0625,76
3/17/2003 14:30:00,.0773,111,.0758,126,.0587,71
3/17/2003 14:35:00,.0842,115,.0949,135,.0736,79
3/17/2003 14:40:00,.104,144,.0938,134,.0731,89
3/17/2003 14:45:00,.0916,128,.0874,140,.0746,82
3/17/2003 14:50:00,.0867,118,.0821,125,.0625,78
3/17/2003 14:55:00,.1149,153,.0905,132,.0695,94
3/17/2003 15:00:00,.0963,133,.0829,116,.0839,86
3/17/2003 15:05:00,.1154,151,.0951,134,.0814,96
3/17/2003 15:10:00,.139,183,.113,156,.0843,92
3/17/2003 15:15:00,.0941,128,.0776,118,.076,78
3/17/2003 15:20:00,.1216,163,.0951,138,.0666,85
3/17/2003 15:25:00,.1299,171,.1059,142,.0745,91
3/17/2003 15:30:00,.1174,160,.1048,145,.0722,90
3/17/2003 15:35:00,.1296,176,.1092,150,.071,88
3/17/2003 15:40:00,.1342,177,.1151,169,.0859,106
3/17/2003 15:45:00,.1744,203,.1157,146,.0919,114
3/17/2003 15:50:00,.2294,162,.195,151,.1293,125
3/17/2003 15:55:00,.2668,150,.2138,149,.1682,127
3/17/2003 16:00:00,.2732,162,.2363,147,.1886,119
3/17/2003 16:05:00,.2908,149,.211,117,.1836,112
3/17/2003 16:10:00,.247,162,.1925,145,.1633,119
3/17/2003 16:15:00,.2848,140,.2577,133,.235,103
3/17/2003 16:20:00,.2472,173,.196,148,.1724,130
3/17/2003 16:25:00,.2552,163,.1808,133,.1625,117
3/17/2003 16:30:00,.131,153,.099,123,.0761,84
3/17/2003 16:35:00,.1256,159,.1026,149,.0797,93
3/17/2003 16:40:00,.1525,171,.1203,158,.0833,102
3/17/2003 16:45:00,.1484,170,.115,146,.0892,108
3/17/2003 16:50:00,.1218,156,.0894,130,.083,104
3/17/2003 16:55:00,.1139,148,.0907,124,.0778,100
3/17/2003 17:00:00,.1062,143,.0905,127,.0665,88
3/17/2003 17:05:00,.1231,156,.0963,141,.079,95
3/17/2003 17:10:00,.23,153,.1816,137,.1564,98
3/17/2003 17:15:00,.2844,144,.2555,131,.2814,91
3/17/2003 17:20:00,.2672,135,.2336,120,.2629,110
3/17/2003 17:25:00,.292,145,.2462,127,.292,106
3/17/2003 17:30:00,.2483,145,.2009,131,.1892,108
3/17/2003 17:35:00,.1299,154,.0996,119,.0699,90
3/17/2003 17:40:00,.1016,139,.0867,124,.0783,92
3/17/2003 17:45:00,.0957,127,.0718,109,.0734,79
3/17/2003 17:50:00,.0844,114,.0678,113,.0522,73
3/17/2003 17:55:00,.0812,112,.0699,106,.0544,71
3/17/2003 18:00:00,.0633,89,.0582,86,.0506,57
3/17/2003 18:05:00,.0827,113,.075,116,.0629,69
3/17/2003 18:10:00,.0868,121,.0754,110,.048,67
3/17/2003 18:15:00,.0846,118,.0808,120,.0606,76
3/17/2003 18:20:00,.0609,87,.0615,100,.0546,73
3/17/2003 18:25:00,.0776,110,.0657,98,.0636,79
3/17/2003 18:30:00,.0696,95,.0647,105,.0495,58
3/17/2003 18:35:00,.0663,93,.0668,102,.0393,50
3/17/2003 18:40:00,.077,106,.0549,91,.0484,62
3/17/2003 18:45:00,.0601,83,.0615,94,.0508,58
3/17/2003 18:50:00,.0651,88,.0615,90,.0637,71
3/17/2003 18:55:00,.0477,69,.0579,95,.0561,64
3/17/2003 19:00:00,.0567,78,.0501,75,.0461,53
3/17/2003 19:05:00,.0577,80,.0611,94,.0525,62
3/17/2003 19:10:00,.0557,80,.0562,92,.0459,54
3/17/2003 19:15:00,.0439,66,.0531,84,.0471,56
3/17/2003 19:20:00,.0377,52,.0506,79,.0416,38
3/17/2003 19:25:00,.0327,49,.0475,81,.0449,53
3/17/2003 19:30:00,.0552,79,.0469,80,.0465,56
3/17/2003 19:35:00,.0398,56,.0452,73,.0392,50
3/17/2003 19:40:00,.0486,67,.0585,81,.0541,58
3/17/2003 19:45:00,.0382,55,.0442,73,.0383,52
3/17/2003 19:50:00,.0363,52,.0443,78,.0365,44
3/17/2003 19:55:00,.0289,38,.0389,66,.0365,41
3/17/2003 20:00:00,.0332,48,.0359,62,.0313,42
3/17/2003 20:05:00,.0328,45,.045,67,.0323,39
3/17/2003 20:10:00,.032,46,.0516,81,.0422,45
3/17/2003 20:15:00,.0263,37,.0411,68,.0264,37
3/17/2003 20:20:00,.033,46,.0542,84,.0478,47
3/17/2003 20:25:00,.0328,44,.0409,65,.0415,49
3/17/2003 20:30:00,.0312,43,.0415,64,.0399,48
3/17/2003 20:35:00,.0282,41,.0387,60,.0268,36
3/17/2003 20:40:00,.0331,46,.0441,67,.0348,48
3/17/2003 20:45:00,.0301,42,.0397,67,.0349,48
3/17/2003 20:50:00,.0254,36,.0398,64,.0394,45
3/17/2003 20:55:00,.0227,30,.0439,71,.0414,47
3/17/2003 21:00:00,.0241,34,.0464,67,.032,40
3/17/2003 21:05:00,.0174,25,.0367,57,.0397,49
3/17/2003 21:10:00,.0257,37,.035,56,.0401,46
3/17/2003 21:15:00,.0244,35,.033,54,.0222,30
3/17/2003 21:20:00,.0243,34,.0472,71,.0288,38
3/17/2003 21:25:00,.0182,27,.0362,61,.0322,39
3/17/2003 21:30:00,.0215,30,.0378,64,.0301,34
3/17/2003 21:35:00,.0207,28,.0289,46,.0307,26
3/17/2003 21:40:00,.0149,22,.0291,49,.0311,36
3/17/2003 21:45:00,.0132,19,.0243,42,.0318,39
3/17/2003 21:50:00,.0221,31,.0343,56,.0344,45
3/17/2003 21:55:00,.0222,29,.0268,47,.0256,31
3/17/2003 22:00:00,.0338,44,.0381,60,.0354,42
3/17/2003 22:05:00,.019,26,.0337,56,.0368,42
3/17/2003 22:10:00,.0248,35,.0299,48,.0229,36
3/17/2003 22:15:00,.0282,40,.0341,56,.0293,36
3/17/2003 22:20:00,.0144,22,.0322,54,.0214,26
3/17/2003 22:25:00,.0271,41,.028,40,.0425,34
3/17/2003 22:30:00,.019,27,.0286,48,.0306,37
3/17/2003 22:35:00,.0181,26,.0327,53,.022,35
3/17/2003 22:40:00,.019,27,.0333,56,.0255,28
3/17/2003 22:45:00,.0159,24,.0208,38,.0203,26
3/17/2003 22:50:00,.0181,27,.0224,36,.0298,29
3/17/2003 22:55:00,.0092,14,.0222,38,.0231,26
3/17/2003 23:00:00,.0066,9,.0163,28,.021,24
3/17/2003 23:05:00,.0129,18,.0244,42,.0181,21
3/17/2003 23:10:00,.0173,26,.0278,47,.0348,33
3/17/2003 23:15:00,.0122,17,.0283,40,.0203,24
3/17/2003 23:20:00,.0152,23,.0232,39,.027,25
3/17/2003 23:25:00,.0132,18,.0207,31,.0196,23
3/17/2003 23:30:00,.0141,21,.0189,34,.0197,20
3/17/2003 23:35:00,.0053,8,.0214,34,.0129,19
3/17/2003 23:40:00,.0138,20,.0232,39,.0186,25
3/17/2003 23:45:00,.0152,23,.0221,38,.0163,18
3/17/2003 23:50:00,.0116,17,.0181,32,.0182,23
3/17/2003 23:55:00,.0063,8,.0165,30,.0215,23
3/18/2003 00:00:00,.005,7,.0191,26,.014,14
3/18/2003 00:05:00,.0135,20,.0196,35,.0277,25
3/18/2003 00:10:00,.0063,9,.0161,29,.0131,22
3/18/2003 00:15:00,.0061,9,.0147,25,.0142,13
3/18/2003 00:20:00,.008,12,.0181,28,.0207,19
3/18/2003 00:25:00,.007,11,.0154,22,.0121,16
3/18/2003 00:30:00,.004,6,.0124,22,.0172,20
3/18/2003 00:35:00,.0053,8,.0116,21,.0132,16
3/18/2003 00:40:00,.0063,8,.0138,20,.0098,11
3/18/2003 00:45:00,.005,7,.0136,22,.0073,9
3/18/2003 00:50:00,.0018,3,.0076,13,.0157,14
3/18/2003 00:55:00,.0034,5,.0116,20,.0155,17
3/18/2003 01:00:00,.0052,7,.0072,13,.016,17
3/18/2003 01:05:00,.0021,3,.0099,17,.0076,11
3/18/2003 01:10:00,.0029,4,.0082,15,.0088,11
3/18/2003 01:15:00,.0013,2,.0101,16,.0091,11
3/18/2003 01:20:00,.0045,6,.0115,18,.0114,11
3/18/2003 01:25:00,.0018,2,.0091,15,.0076,7
3/18/2003 01:30:00,.0012,2,.0079,14,.0147,10
3/18/2003 01:35:00,.0039,5,.0085,14,.0147,10
3/18/2003 01:40:00,.0011,1,.0141,18,.0146,14
3/18/2003 01:45:00,.0028,4,.0073,13,.0053,6
3/18/2003 01:50:00,.0027,4,.007,9,.0128,9
3/18/2003 01:55:00,.0012,2,.0085,15,.0105,11
3/18/2003 02:00:00,.0012,2,.0047,8,.0103,10
3/18/2003 02:05:00,.0013,2,.0103,14,.0088,13
3/18/2003 02:10:00,.0014,2,.0063,10,.0097,11
3/18/2003 02:15:00,.0007,1,.0065,11,.0124,9
3/18/2003 02:20:00,.0029,5,.0121,14,.0217,17
3/18/2003 02:25:00,.0033,6,.0083,14,.0088,8
3/18/2003 02:30:00,.0014,2,.0093,11,.0126,11
3/18/2003 02:35:00,.0022,4,.0073,12,.0107,13
3/18/2003 02:40:00,.0026,4,.0113,13,.0092,7
3/18/2003 02:45:00,.0031,4,.0081,11,.0149,9
3/18/2003 02:50:00,.0026,4,.0085,13,.0109,8
3/18/2003 02:55:00,.002,3,.0046,8,.0117,10
3/18/2003 03:00:00,.0007,1,.0074,9,.0133,8
3/18/2003 03:05:00,.0027,4,.0057,7,.0097,7
3/18/2003 03:10:00,.0007,1,.0043,7,.0087,7
3/18/2003 03:15:00,.0026,4,.0056,10,.0153,7
3/18/2003 03:20:00,.0006,1,.0021,4,.0077,7
3/18/2003 03:25:00,.0008,1,.0078,12,.0145,9
3/18/2003 03:30:00,.0013,2,.0043,8,.0305,13
3/18/2003 03:35:00,0,0,.0069,9,.0126,10
3/18/2003 03:40:00,.003,4,.0079,12,.0133,10
3/18/2003 03:45:00,.001,1,.0061,10,.0174,13
3/18/2003 03:50:00,0,0,.0054,9,.0111,8
3/18/2003 03:55:00,0,0,.0051,7,.0213,16
3/18/2003 04:00:00,.001,1,.0085,11,.0113,8
3/18/2003 04:05:00,.0008,1,.0059,9,.0135,8
3/18/2003 04:10:00,.0023,3,.0043,8,.0171,10
3/18/2003 04:15:00,.0013,2,.0071,11,.0174,13
3/18/2003 04:20:00,.0019,3,.015,16,.0229,14
3/18/2003 04:25:00,.0049,6,.0144,20,.0161,10
3/18/2003 04:30:00,.0012,2,.0099,12,.0156,12
3/18/2003 04:35:00,.0014,2,.0082,14,.0241,19
3/18/2003 04:40:00,.0061,9,.0117,19,.0232,15
3/18/2003 04:45:00,.0037,5,.016,22,.013,11
3/18/2003 04:50:00,.0047,6,.0177,22,.0182,15
3/18/2003 04:55:00,.0042,6,.0103,15,.0262,18
3/18/2003 05:00:00,.0047,7,.013,16,.0228,18
3/18/2003 05:05:00,.0058,7,.0131,19,.0248,16
3/18/2003 05:10:00,.0102,15,.0262,30,.0438,27
3/18/2003 05:15:00,.0096,13,.0174,25,.02,20
3/18/2003 05:20:00,.0107,16,.0237,36,.0271,27
3/18/2003 05:25:00,.0095,13,.0318,45,.0309,23
3/18/2003 05:30:00,.0154,21,.0281,45,.0284,21
3/18/2003 05:35:00,.0228,31,.0339,49,.0302,29
3/18/2003 05:40:00,.0279,39,.0348,55,.0325,38
3/18/2003 05:45:00,.0221,29,.0367,60,.0293,31
3/18/2003 05:50:00,.0327,46,.0327,53,.0362,31
3/18/2003 05:55:00,.0215,29,.0376,56,.0335,33
3/18/2003 06:00:00,.0284,40,.0416,64,.0391,33
3/18/2003 06:05:00,.031,42,.0505,74,.0543,44
3/18/2003 06:10:00,.0495,71,.0515,78,.0398,40
3/18/2003 06:15:00,.0376,56,.0484,75,.0441,45
3/18/2003 06:20:00,.0597,83,.0539,90,.0376,40
3/18/2003 06:25:00,.063,85,.0568,80,.0533,52
3/18/2003 06:30:00,.0733,103,.0673,106,.0398,42
3/18/2003 06:35:00,.076,107,.0524,80,.0465,51
3/18/2003 06:40:00,.0809,114,.0688,100,.0627,60
3/18/2003 06:45:00,.0877,125,.065,91,.0563,56
3/18/2003 06:50:00,.0665,95,.0683,98,.0495,48
3/18/2003 06:55:00,.0762,104,.0721,101,.0526,45
3/18/2003 07:00:00,.0758,107,.0738,104,.0518,52
3/18/2003 07:05:00,.083,111,.0796,123,.0565,65
3/18/2003 07:10:00,.1105,143,.0841,119,.052,59
3/18/2003 07:15:00,.1251,163,.0919,133,.0693,73
3/18/2003 07:20:00,.117,160,.0915,126,.0559,61
3/18/2003 07:25:00,.1137,157,.0862,116,.0541,69
3/18/2003 07:30:00,.1223,165,.0866,133,.0628,74
3/18/2003 07:35:00,.13,176,.093,139,.0825,90
3/18/2003 07:40:00,.133,170,.1022,143,.0632,75
3/18/2003 07:45:00,.3694,108,.2608,79,.3729,48
3/18/2003 07:50:00,.4519,93,.414,64,.4651,38
3/18/2003 07:55:00,.4469,106,.3473,70,.4834,34
3/18/2003 08:00:00,.3949,99,.3847,65,.5011,48
3/18/2003 08:05:00,.4292,101,.3823,66,.4758,33
3/18/2003 08:10:00,.4586,89,.3614,63,.5102,36
3/18/2003 08:15:00,.4392,86,.4239,57,.4223,35
3/18/2003 08:20:00,.2722,134,.2626,120,.257,78
3/18/2003 08:25:00,.2808,160,.2392,147,.2551,114
3/18/2003 08:30:00,.2064,130,.1645,112,.137,87
3/18/2003 08:35:00,.0758,104,.073,115,.0612,59
3/18/2003 08:40:00,.0788,109,.0682,98,.0664,70
3/18/2003 08:45:00,.0755,104,.0688,105,.0645,60
3/18/2003 08:50:00,.0717,105,.0782,110,.0572,62
3/18/2003 08:55:00,.0527,74,.0617,101,.0439,51
3/18/2003 09:00:00,.0537,78,.0692,103,.0575,64
3/18/2003 09:05:00,.0485,69,.0564,88,.0495,59
3/18/2003 09:10:00,.0552,77,.0589,94,.0549,64
3/18/2003 09:15:00,.0516,73,.0539,81,.0547,56
3/18/2003 09:20:00,.0505,70,.0654,100,.0569,53
3/18/2003 09:25:00,.0508,72,.0563,91,.0586,64
3/18/2003 09:30:00,.0451,64,.0698,107,.0568,61
3/18/2003 09:35:00,.0462,66,.0777,115,.0545,58
3/18/2003 09:40:00,.0392,57,.0586,94,.0492,48
3/18/2003 09:45:00,.0509,71,.0663,96,.0621,57
3/18/2003 09:50:00,.0537,76,.0604,85,.0505,57
3/18/2003 09:55:00,.0489,68,.0621,98,.052,50
3/18/2003 10:00:00,.0497,70,.0642,94,.0551,50
3/18/2003 10:05:00,.0379,53,.0568,90,.0482,55
3/18/2003 10:10:00,.0454,64,.0537,81,.0625,59
3/18/2003 10:15:00,.0457,65,.0632,91,.0438,51
3/18/2003 10:20:00,.0599,86,.0646,89,.0545,58
3/18/2003 10:25:00,.0469,66,.0561,88,.0499,54
3/18/2003 10:30:00,.0474,71,.0636,100,.0567,66
3/18/2003 10:35:00,.0515,72,.0655,85,.051,51
3/18/2003 10:40:00,.0728,101,.0637,92,.047,54
3/18/2003 10:45:00,.0417,62,.0612,94,.0639,60
3/18/2003 10:50:00,.0467,68,.0592,80,.0634,58
3/18/2003 10:55:00,.0481,69,.0587,95,.0553,63
3/18/2003 11:00:00,.0492,66,.0698,102,.0433,56
3/18/2003 11:05:00,.0427,59,.0611,90,.0563,65
3/18/2003 11:10:00,.0443,62,.06,83,.0423,49
3/18/2003 11:15:00,.0474,66,.0689,106,.0518,55
3/18/2003 11:20:00,.0556,74,.0582,92,.0483,60
3/18/2003 11:25:00,.0581,81,.0668,106,.0699,76
3/18/2003 11:30:00,.0587,81,.0754,113,.0586,63
3/18/2003 11:35:00,.0483,70,.0619,97,.0566,59
3/18/2003 11:40:00,.0634,88,.0698,105,.0799,77
3/18/2003 11:45:00,.0531,73,.0595,83,.0462,54
3/18/2003 11:50:00,.0563,79,.0746,107,.0761,71
3/18/2003 11:55:00,.0476,70,.0678,85,.0686,73
3/18/2003 12:00:00,.0533,76,.0652,98,.0525,60
3/18/2003 12:05:00,.0637,89,.0719,105,.0555,57
3/18/2003 12:10:00,.0637,87,.0768,98,.0617,76
3/18/2003 12:15:00,.0631,85,.0696,95,.0679,67
3/18/2003 12:20:00,.0572,81,.0754,108,.0716,73
3/18/2003 12:25:00,.0583,83,.0612,87,.0658,63
3/18/2003 12:30:00,.0858,112,.076,106,.0497,78
3/18/2003 12:35:00,.0679,95,.0821,102,.0707,66
3/18/2003 12:40:00,.0587,81,.0709,103,.073,70
3/18/2003 12:45:00,.0591,85,.0794,109,.0709,61
3/18/2003 12:50:00,.0605,88,.073,109,.0677,66
3/18/2003 12:55:00,.051,74,.0734,105,.0685,66
3/18/2003 13:00:00,.049,70,.0659,98,.0744,78
3/18/2003 13:05:00,.0792,109,.0824,117,.0801,89
3/18/2003 13:10:00,.0469,66,.0702,108,.0634,66
3/18/2003 13:15:00,.0694,96,.0763,112,.0702,71
3/18/2003 13:20:00,.0585,87,.0792,116,.0662,71
3/18/2003 13:25:00,.0642,90,.0749,104,.0578,68
3/18/2003 13:30:00,.0595,86,.0607,92,.0537,62
3/18/2003 13:35:00,.0698,95,.0715,110,.0645,68
3/18/2003 13:40:00,.0755,107,.0707,101,.0731,83
3/18/2003 13:45:00,.0707,100,.0821,127,.075,84
3/18/2003 13:50:00,.0741,104,.0756,103,.0561,67
3/18/2003 13:55:00,.065,88,.0671,89,.0702,67
3/18/2003 14:00:00,.0509,74,.0585,89,.0418,53
3/18/2003 14:05:00,.081,109,.0805,121,.0747,81
3/18/2003 14:10:00,.0975,130,.0925,126,.0841,82
3/18/2003 14:15:00,.0901,123,.0923,124,.0806,90
3/18/2003 14:20:00,.0893,126,.0883,132,.0772,88
3/18/2003 14:25:00,.0771,107,.0779,112,.0651,72
3/18/2003 14:30:00,.0823,116,.0776,113,.0608,71
3/18/2003 14:35:00,.0862,120,.0838,127,.0685,71
3/18/2003 14:40:00,.1071,142,.103,138,.0859,76
3/18/2003 14:45:00,.1011,139,.0793,130,.0648,71
3/18/2003 14:50:00,.1065,142,.0844,120,.0702,85
3/18/2003 14:55:00,.1091,147,.0948,134,.0775,85
3/18/2003 15:00:00,.0857,114,.0859,116,.065,70
3/18/2003 15:05:00,.1178,160,.0969,128,.0816,88
3/18/2003 15:10:00,.1357,171,.1073,146,.0675,87
3/18/2003 15:15:00,.1176,154,.0968,135,.0754,90
3/18/2003 15:20:00,.1163,155,.0996,150,.0915,97
3/18/2003 15:25:00,.1029,138,.0889,133,.0868,98
3/18/2003 15:30:00,.1359,179,.0995,143,.0772,105
3/18/2003 15:35:00,.1629,199,.1231,174,.0818,96
3/18/2003 15:40:00,.1638,184,.1286,160,.0989,111
3/18/2003 15:45:00,.2351,166,.1742,133,.1468,130
3/18/2003 15:50:00,.2153,160,.1956,157,.1626,132
3/18/2003 15:55:00,.2411,156,.2054,145,.1767,121
3/18/2003 16:00:00,.2187,163,.2019,154,.1436,122
3/18/2003 16:05:00,.2741,159,.2006,133,.2023,128
3/18/2003 16:10:00,.2693,163,.2359,147,.2017,142
3/18/2003 16:15:00,.2619,155,.2212,134,.2152,119
3/18/2003 16:20:00,.3059,145,.2377,134,.2044,118
3/18/2003 16:25:00,.3368,144,.2755,131,.274,101
3/18/2003 16:30:00,.2831,155,.1929,136,.1857,117
3/18/2003 16:35:00,.3204,149,.295,126,.2545,99
3/18/2003 16:40:00,.325,152,.2585,143,.1962,116
3/18/2003 16:45:00,.2947,142,.2487,126,.264,101
3/18/2003 16:50:00,.2968,144,.2579,129,.2643,112
3/18/2003 16:55:00,.2617,150,.2289,131,.1982,129
3/18/2003 17:00:00,.3047,143,.2579,130,.2449,106
3/18/2003 17:05:00,.2962,141,.2569,122,.2233,110
3/18/2003 17:10:00,.326,132,.3468,115,.2794,81
3/18/2003 17:15:00,.3237,137,.3031,117,.2776,95
3/18/2003 17:20:00,.314,148,.278,125,.224,105
3/18/2003 17:25:00,.2939,140,.2525,133,.2817,115
3/18/2003 17:30:00,.2608,146,.2249,134,.2104,120
3/18/2003 17:35:00,.262,151,.2211,137,.17,112
3/18/2003 17:40:00,.2109,132,.1891,127,.1232,83
3/18/2003 17:45:00,.2731,145,.1964,123,.1532,98
3/18/2003 17:50:00,.1956,135,.1718,121,.1371,90
3/18/2003 17:55:00,.0939,124,.0835,113,.064,77
3/18/2003 18:00:00,.0881,114,.074,110,.0528,64
3/18/2003 18:05:00,.0944,127,.0854,118,.0605,67
3/18/2003 18:10:00,.1045,139,.0808,110,.0719,88
3/18/2003 18:15:00,.0771,104,.0632,104,.065,79
3/18/2003 18:20:00,.0847,118,.0701,102,.0527,61
3/18/2003 18:25:00,.1071,142,.0825,115,.0684,76
3/18/2003 18:30:00,.0881,119,.0729,112,.0613,75
3/18/2003 18:35:00,.0693,97,.0796,124,.0609,73
3/18/2003 18:40:00,.0833,117,.0766,109,.0515,55
3/18/2003 18:45:00,.0753,106,.0705,109,.0465,55
3/18/2003 18:50:00,.0818,110,.0667,99,.0635,79
3/18/2003 18:55:00,.0717,100,.0613,95,.0537,69
3/18/2003 19:00:00,.0728,100,.0749,101,.0467,54
3/18/2003 19:05:00,.0574,80,.0568,89,.042,58
3/18/2003 19:10:00,.0618,83,.0619,91,.0403,56
3/18/2003 19:15:00,.0502,69,.0608,94,.0499,60
3/18/2003 19:20:00,.0509,75,.0563,89,.0365,50
3/18/2003 19:25:00,.0472,67,.0501,78,.0421,55
3/18/2003 19:30:00,.0573,79,.0588,91,.037,51
3/18/2003 19:35:00,.0341,50,.0452,67,.0403,43
3/18/2003 19:40:00,.044,60,.0612,83,.043,52
3/18/2003 19:45:00,.0517,73,.0473,77,.0559,55
3/18/2003 19:50:00,.0383,54,.0383,61,.044,52
3/18/2003 19:55:00,.0283,37,.0401,63,.0389,44
3/18/2003 20:00:00,.035,50,.0437,74,.0588,63
3/18/2003 20:05:00,.0392,57,.0423,70,.0445,53
3/18/2003 20:10:00,.0381,53,.0434,66,.0428,43
3/18/2003 20:15:00,.0388,54,.0481,74,.037,47
3/18/2003 20:20:00,.0271,40,.0464,75,.0364,45
3/18/2003 20:25:00,.0249,39,.039,66,.0398,44
3/18/2003 20:30:00,.0323,47,.044,73,.0317,43
3/18/2003 20:35:00,.0341,47,.0432,68,.0421,49
3/18/2003 20:40:00,.0317,47,.0381,65,.0353,40
3/18/2003 20:45:00,.0384,55,.0365,62,.0476,44
3/18/2003 20:50:00,.0305,46,.0463,74,.0437,45
3/18/2003 20:55:00,.0236,33,.0401,67,.0344,44
3/18/2003 21:00:00,.0355,49,.0558,84,.0401,53
3/18/2003 21:05:00,.0458,64,.0606,98,.0338,42
3/18/2003 21:10:00,.0561,80,.0662,107,.0492,62
3/18/2003 21:15:00,.0756,106,.0781,117,.0459,57
3/18/2003 21:20:00,.0812,108,.0826,129,.0466,64
3/18/2003 21:25:00,.0861,119,.0762,106,.0515,57
3/18/2003 21:30:00,.0664,91,.0862,127,.0545,67
3/18/2003 21:35:00,.0813,105,.0804,114,.0464,61
3/18/2003 21:40:00,.0462,63,.0655,103,.04,52
3/18/2003 21:45:00,.0445,61,.0518,84,.0413,59
3/18/2003 21:50:00,.0399,58,.0523,84,.0377,52
3/18/2003 21:55:00,.038,54,.0546,79,.0363,50
3/18/2003 22:00:00,.0373,51,.0492,77,.0445,52
3/18/2003 22:05:00,.0282,40,.043,70,.0382,53
3/18/2003 22:10:00,.0231,32,.0361,59,.0279,40
3/18/2003 22:15:00,.0188,29,.0338,59,.0251,31
3/18/2003 22:20:00,.018,29,.0328,54,.0309,42
3/18/2003 22:25:00,.0177,27,.0338,50,.0316,44
3/18/2003 22:30:00,.0221,31,.0311,52,.0277,31
3/18/2003 22:35:00,.0194,29,.0275,49,.0281,35
3/18/2003 22:40:00,.0191,30,.0317,47,.0447,42
3/18/2003 22:45:00,.0207,29,.0249,44,.0241,38
3/18/2003 22:50:00,.0128,20,.0255,40,.0257,30
3/18/2003 22:55:00,.0153,22,.0252,41,.0186,26
3/18/2003 23:00:00,.0148,22,.0239,39,.0205,31
3/18/2003 23:05:00,.0198,28,.0316,51,.0218,32
3/18/2003 23:10:00,.0176,23,.0309,45,.0243,25
3/18/2003 23:15:00,.0123,17,.0256,40,.0186,16
3/18/2003 23:20:00,.0171,25,.02,34,.0161,20
3/18/2003 23:25:00,.0099,14,.0187,28,.0251,22
3/18/2003 23:30:00,.0107,17,.0234,39,.0227,28
3/18/2003 23:35:00,.0099,14,.0266,42,.0211,20
3/18/2003 23:40:00,.0099,15,.0224,37,.0162,23
3/18/2003 23:45:00,.0149,21,.0203,31,.0176,21
3/18/2003 23:50:00,.014,19,.0225,32,.0233,28
3/18/2003 23:55:00,.0041,7,.0179,30,.0246,26
3/19/2003 00:00:00,.0069,10,.0186,26,.0159,17
3/19/2003 00:05:00,.0091,15,.0204,29,.021,17
3/19/2003 00:10:00,.01,14,.0175,30,.018,22
3/19/2003 00:15:00,.0098,14,.0204,31,.032,24
3/19/2003 00:20:00,.0054,7,.0095,16,.0095,14
3/19/2003 00:25:00,.0039,6,.0161,28,.0103,15
3/19/2003 00:30:00,.0056,8,.008,13,.01,10
3/19/2003 00:35:00,.0048,7,.01,17,.0129,15
3/19/2003 00:40:00,.0031,5,.0095,16,.0136,15
3/19/2003 00:45:00,.0013,2,.0174,26,.0145,11
3/19/2003 00:50:00,.0019,3,.0102,17,.0165,14
3/19/2003 00:55:00,.002,3,.0089,15,.0086,12
3/19/2003 01:00:00,.0061,10,.0102,18,.015,14
3/19/2003 01:05:00,.0041,7,.0113,15,.0089,9
3/19/2003 01:10:00,.0017,3,.0092,16,.0072,5
3/19/2003 01:15:00,.0029,5,.0105,16,.0118,12
3/19/2003 01:20:00,.0026,4,.0073,12,.0086,8
3/19/2003 01:25:00,.0042,6,.0057,10,.0097,13
3/19/2003 01:30:00,.0039,6,.0064,10,.0121,8
3/19/2003 01:35:00,.0009,1,.0068,11,.0138,14
3/19/2003 01:40:00,.0023,3,.0084,14,.0172,12
3/19/2003 01:45:00,.0022,3,.0072,12,.0126,10
3/19/2003 01:50:00,.003,4,.005,9,.0092,12
3/19/2003 01:55:00,.0028,4,.0074,13,.0117,11
3/19/2003 02:00:00,.003,4,.0086,11,.0164,14
3/19/2003 02:05:00,.0019,3,.0062,7,.0141,14
3/19/2003 02:10:00,.0012,2,.0059,10,.013,11
3/19/2003 02:15:00,.0012,2,.0065,11,.0128,11
3/19/2003 02:20:00,.0027,4,.009,16,.0116,8
3/19/2003 02:25:00,.0021,3,.0126,20,.0107,10
3/19/2003 02:30:00,.0026,3,.0071,9,.0096,7
3/19/2003 02:35:00,.0012,2,.0092,16,.0122,8
3/19/2003 02:40:00,.0007,1,.0079,14,.0127,8
3/19/2003 02:45:00,.0006,1,.0065,11,.0128,11
3/19/2003 02:50:00,.003,4,.0046,7,.0073,6
3/19/2003 02:55:00,.0019,3,.0033,6,.0144,11
3/19/2003 03:00:00,.0009,1,.0052,9,.0131,7
3/19/2003 03:05:00,.0026,3,.0032,5,.0047,5
3/19/2003 03:10:00,.0006,1,.004,7,.0155,10
3/19/2003 03:15:00,0,0,.0082,12,.0102,7
3/19/2003 03:20:00,.0007,1,.0043,8,.013,7
3/19/2003 03:25:00,.0038,5,.0084,10,.0167,9
3/19/2003 03:30:00,.0007,1,.005,8,.0115,8
3/19/2003 03:35:00,.0028,3,.0084,12,.0115,7
3/19/2003 03:40:00,.001,1,.0059,9,.0115,11
3/19/2003 03:45:00,.002,3,.008,13,.0153,8
3/19/2003 03:50:00,.0018,3,.008,12,.0164,9
3/19/2003 03:55:00,.001,1,.004,7,.0159,11
3/19/2003 04:00:00,.0013,2,.0037,5,.0079,7
3/19/2003 04:05:00,.0019,3,.0103,12,.0135,11
3/19/2003 04:10:00,.003,4,.006,10,.0116,7
3/19/2003 04:15:00,.0034,4,.0065,9,.0154,11
3/19/2003 04:20:00,.001,1,.0093,14,.0079,6
3/19/2003 04:25:00,.0022,3,.0075,12,.0172,10
3/19/2003 04:30:00,.0029,4,.0131,17,.0207,15
3/19/2003 04:35:00,.0056,8,.0166,23,.0126,10
3/19/2003 04:40:00,.0032,5,.0098,14,.0219,17
3/19/2003 04:45:00,.0058,9,.0178,24,.0238,23
3/19/2003 04:50:00,.0019,3,.0122,18,.022,17
3/19/2003 04:55:00,.0036,5,.0165,19,.0163,9
3/19/2003 05:00:00,.0056,7,.015,20,.0286,19
3/19/2003 05:05:00,.005,7,.0149,22,.0202,15
3/19/2003 05:10:00,.0059,9,.0162,26,.0218,19
3/19/2003 05:15:00,.0099,13,.0271,39,.0261,19
3/19/2003 05:20:00,.0098,14,.0289,37,.0213,24
3/19/2003 05:25:00,.011,16,.0199,33,.0241,26
3/19/2003 05:30:00,.0162,23,.0192,33,.0268,31
3/19/2003 05:35:00,.0188,27,.0369,57,.0385,31
3/19/2003 05:40:00,.0191,26,.0338,52,.0336,29
3/19/2003 05:45:00,.0262,36,.0417,62,.0336,29
3/19/2003 05:50:00,.0353,48,.0372,58,.0472,36
3/19/2003 05:55:00,.0238,31,.033,56,.0323,34
3/19/2003 06:00:00,.032,42,.0418,61,.0433,33
3/19/2003 06:05:00,.0369,50,.0453,61,.0382,31
3/19/2003 06:10:00,.0318,46,.0408,66,.0367,38
3/19/2003 06:15:00,.0372,54,.0503,78,.0388,35
3/19/2003 06:20:00,.0621,86,.0563,91,.0578,49
3/19/2003 06:25:00,.0566,81,.0604,94,.0414,39
3/19/2003 06:30:00,.0551,76,.0556,92,.0385,45
3/19/2003 06:35:00,.0867,122,.0641,101,.0545,46
3/19/2003 06:40:00,.0839,116,.0715,112,.043,42
3/19/2003 06:45:00,.0737,103,.0651,98,.0498,59
3/19/2003 06:50:00,.0696,101,.0632,101,.0392,48
3/19/2003 06:55:00,.0628,87,.0594,94,.0569,48
3/19/2003 07:00:00,.0713,103,.0672,104,.0487,56
3/19/2003 07:05:00,.0718,104,.067,97,.0611,58
3/19/2003 07:10:00,.1093,150,.0857,129,.0624,74
3/19/2003 07:15:00,.1116,151,.0865,131,.0698,66
3/19/2003 07:20:00,.0969,137,.0793,127,.0457,46
3/19/2003 07:25:00,.113,163,.0897,144,.0582,74
3/19/2003 07:30:00,.1212,169,.0921,139,.0706,80
3/19/2003 07:35:00,.1249,177,.0928,149,.0736,77
3/19/2003 07:40:00,.1399,192,.0962,150,.0709,83
3/19/2003 07:45:00,.1253,172,.092,137,.0626,80
3/19/2003 07:50:00,.1036,144,.0774,118,.0564,66
3/19/2003 07:55:00,.0925,131,.0773,124,.0728,67
3/19/2003 08:00:00,.065,95,.0703,111,.0559,60
3/19/2003 08:05:00,.081,113,.0714,105,.0529,65
3/19/2003 08:10:00,.0783,112,.0696,110,.0519,55
3/19/2003 08:15:00,.0874,121,.0778,108,.0505,50
3/19/2003 08:20:00,.068,100,.072,114,.0504,51
3/19/2003 08:25:00,.0832,120,.0712,108,.057,51
3/19/2003 08:30:00,.0675,99,.0637,99,.0588,54
3/19/2003 08:35:00,.091,129,.0767,112,.0605,63
3/19/2003 08:40:00,.0783,111,.0635,89,.0469,54
3/19/2003 08:45:00,.0728,102,.0797,116,.0532,64
3/19/2003 08:50:00,.0703,100,.0623,99,.081,69
3/19/2003 08:55:00,.067,98,.0629,99,.0751,67
3/19/2003 09:00:00,.0502,74,.0651,96,.0438,53
3/19/2003 09:05:00,.0644,91,.0673,96,.066,58
3/19/2003 09:10:00,.0557,79,.0609,96,.0475,52
3/19/2003 09:15:00,.0552,79,.0694,95,.0577,64
3/19/2003 09:20:00,.0479,70,.0571,88,.051,51
3/19/2003 09:25:00,.0504,76,.0597,93,.0641,66
3/19/2003 09:30:00,.055,81,.068,103,.0615,61
3/19/2003 09:35:00,.0603,84,.0692,109,.0563,60
3/19/2003 09:40:00,.0505,70,.0559,88,.0522,55
3/19/2003 09:45:00,.076,106,.0709,105,.0602,64
3/19/2003 09:50:00,.0449,65,.0616,87,.0437,48
3/19/2003 09:55:00,.0447,61,.0684,101,.0529,50
3/19/2003 10:00:00,.0423,60,.0488,79,.0502,53
3/19/2003 10:05:00,.0506,73,.0581,87,.0451,51
3/19/2003 10:10:00,.0428,62,.0516,81,.0525,50
3/19/2003 10:15:00,.0603,85,.0738,101,.0602,58
3/19/2003 10:20:00,.058,81,.0581,92,.0498,51
3/19/2003 10:25:00,.0493,71,.0614,91,.0522,60
3/19/2003 10:30:00,.0479,66,.0598,90,.0546,52
3/19/2003 10:35:00,.06,87,.0764,103,.049,47
3/19/2003 10:40:00,.0618,86,.077,120,.0612,59
3/19/2003 10:45:00,.054,75,.0611,98,.0534,49
3/19/2003 10:50:00,.0653,88,.0637,98,.0688,65
3/19/2003 10:55:00,.048,66,.0606,90,.0585,52
3/19/2003 11:00:00,.0522,73,.0708,105,.0571,59
3/19/2003 11:05:00,.0575,84,.0683,96,.0633,60
3/19/2003 11:10:00,.0497,72,.0594,97,.054,68
3/19/2003 11:15:00,.0682,96,.0713,100,.0556,62
3/19/2003 11:20:00,.0551,76,.0674,107,.0574,68
3/19/2003 11:25:00,.0479,67,.0642,93,.0613,65
3/19/2003 11:30:00,.0593,81,.0638,96,.0533,51
3/19/2003 11:35:00,.0564,79,.0729,107,.0617,62
3/19/2003 11:40:00,.071,102,.0839,123,.0665,63
3/19/2003 11:45:00,.0575,77,.0714,101,.0574,60
3/19/2003 11:50:00,.0617,85,.0644,101,.0613,66
3/19/2003 11:55:00,.0568,81,.0608,95,.0574,66
3/19/2003 12:00:00,.0483,71,.061,93,.0509,59
3/19/2003 12:05:00,.0593,84,.0682,107,.0707,64
3/19/2003 12:10:00,.062,86,.0733,112,.0515,55
3/19/2003 12:15:00,.0694,101,.0753,110,.0562,61
3/19/2003 12:20:00,.0541,76,.0776,104,.0678,64
3/19/2003 12:25:00,.0681,94,.076,116,.0609,59
3/19/2003 12:30:00,.0658,88,.0732,94,.0628,69
3/19/2003 12:35:00,.0613,85,.0712,106,.0606,68
3/19/2003 12:40:00,.0736,101,.0729,108,.0643,71
3/19/2003 12:45:00,.0738,103,.0833,125,.073,72
3/19/2003 12:50:00,.0893,122,.0875,104,.0706,75
3/19/2003 12:55:00,.059,83,.057,88,.0511,59
3/19/2003 13:00:00,.0657,95,.0746,110,.0619,71
3/19/2003 13:05:00,.0634,90,.0771,116,.0575,58
3/19/2003 13:10:00,.0692,98,.0813,112,.0727,78
3/19/2003 13:15:00,.0698,100,.0708,104,.058,74
3/19/2003 13:20:00,.0597,87,.0752,112,.0644,69
3/19/2003 13:25:00,.0558,80,.0655,98,.0564,67
3/19/2003 13:30:00,.0791,110,.0863,123,.0661,69
3/19/2003 13:35:00,.0725,100,.0787,112,.0607,65
3/19/2003 13:40:00,.1028,140,.0869,129,.0721,86
3/19/2003 13:45:00,.0801,113,.0833,118,.0711,71
3/19/2003 13:50:00,.0786,104,.0871,126,.0593,60
3/19/2003 13:55:00,.0769,108,.0721,114,.0574,63
3/19/2003 14:00:00,.0631,91,.072,112,.0595,67
3/19/2003 14:05:00,.0672,99,.073,102,.0622,75
3/19/2003 14:10:00,.0798,111,.0876,123,.0651,79
3/19/2003 14:15:00,.0731,102,.081,124,.0696,81
3/19/2003 14:20:00,.1145,152,.0958,128,.0717,75
3/19/2003 14:25:00,.0779,109,.0825,120,.0492,61
3/19/2003 14:30:00,.1141,158,.0851,133,.0629,74
3/19/2003 14:35:00,.1462,141,.0991,118,.0764,79
3/19/2003 14:40:00,.3275,132,.2667,123,.2165,86
3/19/2003 14:45:00,.1391,165,.1058,135,.0765,82
3/19/2003 14:50:00,.1274,162,.0873,127,.0657,84
3/19/2003 14:55:00,.111,153,.0856,113,.0629,82
3/19/2003 15:00:00,.1095,148,.0877,126,.0609,75
3/19/2003 15:05:00,.1193,159,.0904,137,.0669,69
3/19/2003 15:10:00,.132,174,.0986,147,.0794,91
3/19/2003 15:15:00,.1356,180,.1027,138,.0728,87
3/19/2003 15:20:00,.147,189,.1011,139,.0711,92
3/19/2003 15:25:00,.1211,163,.0937,136,.0768,94
3/19/2003 15:30:00,.1376,181,.1097,142,.0794,81
3/19/2003 15:35:00,.1663,197,.1145,152,.0844,107
3/19/2003 15:40:00,.2692,171,.1841,138,.1391,103
3/19/2003 15:45:00,.2606,149,.2516,132,.1702,109
3/19/2003 15:50:00,.2457,173,.2146,160,.1678,126
3/19/2003 15:55:00,.211,169,.1678,145,.1543,128
3/19/2003 16:00:00,.1354,151,.1081,125,.0946,99
3/19/2003 16:05:00,.1122,140,.0964,133,.0724,91
3/19/2003 16:10:00,.1232,151,.1016,138,.0712,91
3/19/2003 16:15:00,.1237,152,.0993,132,.0799,96
3/19/2003 16:20:00,.1289,155,.1027,125,.086,106
3/19/2003 16:25:00,.1318,157,.105,136,.0791,96
3/19/2003 16:30:00,.1353,160,.1017,137,.0871,90
3/19/2003 16:35:00,.1293,157,.1122,139,.077,88
3/19/2003 16:40:00,.1417,169,.1207,155,.0931,105
3/19/2003 16:45:00,.1607,167,.1394,155,.1017,121
3/19/2003 16:50:00,.309,142,.2913,129,.2819,101
3/19/2003 16:55:00,.3212,147,.2684,133,.2373,114
3/19/2003 17:00:00,.2982,143,.235,118,.2113,98
3/19/2003 17:05:00,.3259,141,.2897,125,.2714,85
3/19/2003 17:10:00,.3428,140,.2973,120,.3497,97
3/19/2003 17:15:00,.3547,141,.2814,124,.2492,89
3/19/2003 17:20:00,.3078,142,.2506,124,.223,105
3/19/2003 17:25:00,.222,135,.1772,116,.1596,110
3/19/2003 17:30:00,.2179,140,.1686,129,.1527,104
3/19/2003 17:35:00,.1984,135,.1833,126,.1482,101
3/19/2003 17:40:00,.2362,149,.19,127,.177,113
3/19/2003 17:45:00,.2543,161,.2137,149,.2075,134
3/19/2003 17:50:00,.2742,138,.2323,120,.2134,114
3/19/2003 17:55:00,.2586,139,.2108,128,.2015,105
3/19/2003 18:00:00,.154,126,.1321,129,.0834,87
3/19/2003 18:05:00,.1072,131,.0848,119,.0651,81
3/19/2003 18:10:00,.1126,144,.0892,126,.0808,93
3/19/2003 18:15:00,.0901,116,.0849,117,.0609,64
3/19/2003 18:20:00,.0775,103,.0871,124,.0515,64
3/19/2003 18:25:00,.0968,122,.074,104,.0535,64
3/19/2003 18:30:00,.0885,106,.0749,99,.0649,69
3/19/2003 18:35:00,.0856,102,.0721,103,.0526,63
3/19/2003 18:40:00,.0931,112,.0792,100,.0617,66
3/19/2003 18:45:00,.0673,83,.0572,81,.0517,65
3/19/2003 18:50:00,.0697,89,.0747,95,.0556,54
3/19/2003 18:55:00,.0852,103,.0651,87,.0613,65
3/19/2003 19:00:00,.069,84,.0739,93,.0612,62
3/19/2003 19:05:00,.0635,79,.0654,89,.0687,69
3/19/2003 19:10:00,.0746,94,.0636,84,.0562,59
3/19/2003 19:15:00,.0581,75,.0614,80,.046,47
3/19/2003 19:20:00,.0499,66,.0589,87,.0382,49
3/19/2003 19:25:00,.0519,69,.059,71,.0361,43
3/19/2003 19:30:00,.0483,63,.0557,83,.0426,49
3/19/2003 19:35:00,.0365,45,.0502,64,.0408,46
3/19/2003 19:40:00,.0484,60,.0582,75,.0382,44
3/19/2003 19:45:00,.0477,61,.0531,74,.0345,39
3/19/2003 19:50:00,.068,83,.0675,86,.0428,46
3/19/2003 19:55:00,.0374,51,.0555,68,.0398,40
3/19/2003 20:00:00,.0394,51,.0417,64,.0375,42
3/19/2003 20:05:00,.0459,59,.0539,82,.0448,40
3/19/2003 20:10:00,.0483,66,.0457,73,.0417,37
3/19/2003 20:15:00,.0463,62,.054,75,.0488,49
3/19/2003 20:20:00,.0456,60,.051,71,.0385,38
3/19/2003 20:25:00,.036,47,.048,75,.029,37
3/19/2003 20:30:00,.0258,38,.0398,59,.0342,40
3/19/2003 20:35:00,.0419,57,.0398,64,.033,39
3/19/2003 20:40:00,.0353,47,.0445,72,.0383,49
3/19/2003 20:45:00,.0411,56,.0445,70,.0381,42
3/19/2003 20:50:00,.0469,60,.047,74,.0439,43
3/19/2003 20:55:00,.0311,41,.0463,74,.0369,40
3/19/2003 21:00:00,.0336,48,.0448,69,.0468,46
3/19/2003 21:05:00,.0293,40,.0438,70,.0325,38
3/19/2003 21:10:00,.0241,32,.0431,69,.0332,42
3/19/2003 21:15:00,.0396,53,.045,67,.0337,44
3/19/2003 21:20:00,.0269,38,.0445,70,.0361,48
3/19/2003 21:25:00,.0397,54,.0373,59,.0311,45
3/19/2003 21:30:00,.0186,28,.0344,57,.0329,41
3/19/2003 21:35:00,.0379,51,.0393,57,.0311,35
3/19/2003 21:40:00,.0157,23,.0371,62,.0266,32
3/19/2003 21:45:00,.0213,29,.0347,56,.0227,28
3/19/2003 21:50:00,.0204,29,.0353,54,.0324,34
3/19/2003 21:55:00,.0382,53,.0432,66,.0284,41
3/19/2003 22:00:00,.0251,34,.0337,52,.0297,37
3/19/2003 22:05:00,.0236,34,.0342,53,.0302,39
3/19/2003 22:10:00,.022,31,.0331,56,.0334,39
3/19/2003 22:15:00,.0198,29,.0265,46,.0297,37
3/19/2003 22:20:00,.0211,30,.0342,56,.0326,35
3/19/2003 22:25:00,.0128,19,.0272,41,.0215,23
3/19/2003 22:30:00,.0194,28,.029,42,.0178,17
3/19/2003 22:35:00,.0191,27,.0286,50,.0257,32
3/19/2003 22:40:00,.0207,29,.0338,52,.0271,29
3/19/2003 22:45:00,.0223,30,.0287,48,.0263,23
3/19/2003 22:50:00,.0128,20,.032,44,.0171,23
3/19/2003 22:55:00,.0097,13,.0225,37,.0194,23
3/19/2003 23:00:00,.0211,28,.025,40,.0291,25
3/19/2003 23:05:00,.0192,26,.0319,51,.0202,24
3/19/2003 23:10:00,.0076,11,.0282,37,.0203,20
3/19/2003 23:15:00,.0103,15,.0204,31,.0171,21
3/19/2003 23:20:00,.0065,9,.0208,34,.0186,19
3/19/2003 23:25:00,.0176,23,.0211,33,.0209,17
3/19/2003 23:30:00,.0102,14,.0196,30,.0183,22
3/19/2003 23:35:00,.0112,16,.028,46,.0119,18
3/19/2003 23:40:00,.0138,20,.021,35,.0164,19
3/19/2003 23:45:00,.0169,23,.0242,37,.0171,15
3/19/2003 23:50:00,.0122,16,.0164,27,.0103,13
3/19/2003 23:55:00,.0176,24,.0223,35,.0217,17
3/20/2003 00:00:00,.0066,9,.02,30,.0203,18
3/20/2003 00:05:00,.011,15,.0163,27,.0116,16
3/20/2003 00:10:00,.0086,12,.0218,36,.0129,15
3/20/2003 00:15:00,.0097,13,.0176,29,.0267,25
3/20/2003 00:20:00,.0144,20,.0185,30,.0118,14
3/20/2003 00:25:00,.0055,8,.0234,32,.0106,12
3/20/2003 00:30:00,.0057,9,.0159,25,.0199,18
3/20/2003 00:35:00,.0028,4,.0105,17,.0059,9
3/20/2003 00:40:00,.0104,14,.0275,40,.0234,18
3/20/2003 00:45:00,.0083,11,.0135,20,.0206,13
3/20/2003 00:50:00,.0052,8,.0092,12,.0063,8
3/20/2003 00:55:00,.0067,9,.0064,11,.0105,12
