.2252
.7194
.1642
.2398
.188
.2123
.1337
.3401
.4762
.2028
.7407
.3571
.3968
.6803
.4049
.2169
1.7241
2.6316
.271
.3571
.2825
.4587
2.8571
1.3699
.3731
1.4925
.5988
.4167
3.2258
.7246
1.1494
1.0101
.5405
.4237
.3367
2.2727
.5128
.3584
.4464
.5882
.4367
.5556
.7463
.4032
1.8182
.3165
.4049
.2786
.6667
.6369
.346
.5076
.3584
.6369
.3559
.3021
.3311
.3086
1.0638
.3155
1.7241
.2273
1.3158
.4525
2.2222
.5181
.2141
.9346
.9434
.3802
.5882
.5208
.7519
.3448
1.7857
1.5152
.4386
.3484
.2865
2.5641
.3448
.4566
1.4286
.3145
.2079
.2342
.2016
.1451
.3086
.3636
.3984
1.7857
1.1494
.2525
.3497
.641
.4132
.2179
.2538
.3012
1.087
1.0204
.3436
.4717
.3003
.3289
.2915
.3731
.7407
.8696
2.0408
.4505
3.7037
.3268
.4292
.3623
.2016
1.1364
.2119
1.4925
.2551
.3003
.2252
.8696
.1718
.2959
.2347
.3268
.3497
.2364
.3623
.1776
.2203
.2222
.3106
.1475
.2899
.2096
.1466
.2404
.2273
.3367
.2188
.1912
.5405
.3636
.2494
.3448
.2128
.2907
.4219
4
.289
.1984
.3311
.2571
.3106
.2179
.3344
.5917
.2415
1.2987
1.2658
.2421
.2353
1.1494
.1724
.2778
.1686
.202
1.1905
.2053
.2146
.3636
.232
.2959
.463
.3521
.4065
.2841
.3817
.3497
.3021
.3268
.2151
.369
2.5
1.5625
4.3478
.1337
.1667
.7576
.2525
.1675
.2538
.1812
.1828
.3058
.3185
.6135
.2283
.3802
.4587
.4785
.346
.4065
.5618
.4274
.3279
.237
