'Return'
.033199973
-.00048403243
.022474383
-.0065553654
-.014074893
.019397096
-1.0780741e-05
-.0014122923
.0058298966
-.014425864
-.0039424103
-.014017057
-.015702278
-.010432392
.010223599
-.029233439
-.01615974
.013050455
.0067789503
-.022849276
.013130321
.0053990885
-.019446253
-.0064486303
-.010093659
.0075690921
-.0080983767
-.012686927
-.0016001368
.021434601
.019499575
-.0070961148
-.0095014968
.013224226
-.018380749
.0071945038
-.013141419
.011757598
.0046221097
-.0075373001
-.015356788
.0095621601
-.0093390372
.0082593358
-.025829724
-.0083593402
.004321057
.034457031
.0016468326
.035426692
.0042420519
.0087367996
.0020823322
.022778133
-.035231472
.012161115
-.0054759128
-.0016437726
-.0057799475
-.017741749
.012143649
.026115926
-.0050516517
.0027383194
.0012288786
-.0018637846
-.014004486
.0064550399
-.0037632805
.019497869
.0063034466
-.012236055
.01553568
-.0017569776
.021703793
.0083939564
-.0082587974
-.013846373
.017834693
.0032792619
-.0010023534
-.00067617677
.015038743
-.0037953724
.008461497
-.0051049348
-.010057873
.014278418
.012534685
-.0029731989
-.0032049241
.0078677285
-.0025035123
-.024917929
-.0011294894
.004012047
.0091507656
.0014486999
.019566662
.00182873
-.0037556912
.014689777
.0035388495
.0047156153
.01510972
.0039544127
-.0024037005
-.011976594
.0091297532
.012834572
.0010326022
-.009914773
.022384965
.00091022419
-.0015519048
-.015236266
.00099527496
-.014090731
.0018234419
-.0082566475
.010765587
-.0097379873
-.0017618799
.0080040225
.011656198
-.0081106102
.01899158
.0034049501
-.0055862042
-.013480209
.0095478912
.005730659
-.0034267727
-.0064173047
-.012344064
.01180569
-.014617646
.0095116469
.00050601654
-.0070907638
.017400163
-.002162855
-.0072652832
-.0018093967
.0028557251
-.010259414
.0027240728
-.017663458
.0016779566
.0072796459
.0035621895
.0030687712
.0099531914
-.0063815823
.0065851651
.00016153295
.0091554201
.0026106788
-.0020451938
.0029691093
-.010176722
.00065454253
.003039116
6.0196844e-05
.006069483
.0051553588
.01386891
.0041879079
.0016564842
-.006400965
.010035344
-.0082199217
-.011962938
.0054405888
.002174298
-.003750135
.014298243
-.0032545758
.013265495
-.0031551203
-.013007816
.0060714495
-.019095653
-.0060532208
-.006399075
.0097607464
-.010540643
.02234003
.0019838542
.0094193523
.0043695684
.0047372746
-.0052634111
.0047882528
-.00064501844
.0070227154
.0039508299
-.0025917597
.0031621384
-.010237413
.0051572182
.0012922617
-.01498045
.0033095229
-.0047012392
.0021576231
.015187222
.0012609979
-.001116295
.0036009704
.0079089378
-.0054484335
-.0013671968
.0059326304
-.004574453
-.0057918174
-.00051570513
.011456472
-.00014170193
-.0076151964
-.0063978674
-.0090836791
.0080162452
-.00843214
.0015769361
.016227494
.0017204015
.0043268273
-.00023619444
.011264411
-.0032706612
-.0017719525
.0046866342
-.0076842538
.0073480923
-.0085289442
-.0010658567
.011481989
.0027352247
-.0056789618
.0066383282
.0012556621
.011797711
-.00046824216
.003922217
.002818087
-.0018065364
.0016909802
.01240088
.0001442117
