-.07566
.02564
.12177
.10137
.05382
.11224
-.06867
-.03963
-.06199
-.09554
.0132
.0188
.05983
-.04113
.01881
-.00166
.10726
.1464
-.03536
.06134
.04231
-.05351
.02542
-.00382
-.12476
-.02193
.00225
.0809
.02287
.0898
-.07491
-.04453
.01915
-.00835
.09011
.01165
-.09021
-.04051
.0177
.02609
.05042
.04057
-.0039
.14834
-.01541
-.0713
-.10187
.10924
-.07386
.02781
.1022
-.02545
-.025
.03276
.10261
.07716
.04897
-.08886
.05289
.07425
.14706
.07179
-.1262
.08528
.03802
.07485
.07078
.01173
.11111
.02476
.25632
-.00817
-.11976
.0415
-.00328
-.14145
-.06054
-.02049
.11297
-.09887
-.19078
.18135
.03553
-.11087
-.03357
-.2129
-.15287
.04511
-.1036
-.08537
-.10222
-.00891
-.0203
.19171
.04
.19915
-.0318
-.06496
.0751
.01103
.00436
.19414
-.03374
.12444
-.02849
-.1173
.02525
.05902
-.10836
.07153
.12459
-.0379
-.09212
-.09122
-.11896
.12911
-.00379
-.06084
-.04615
-.01724
.08772
.03871
-.03543
.02857
.01825
-.0751
.02137
-.02259
-.11304
-.02451
.08844
.03286
-.11364
-.04821
-.00549
-.02762
-.02273
.04706
-.19101
.22222
0
.01149
.14205
-.0201
.26667
-.01619
.16049
-.025
.05495
.06294
.07237
0
-.03395
-.3099
-.12037
.05319
.15657
.1179
.06693
-.00738
-.02974
-.09266
-.01277
-.07328
-.05164
.0198
.04369
.05164
.05357
-.02966
.06167
.03734
-.024
.09504
.0566
.12857
-.0414
-.01993
.09831
.06211
-.01754
.07143
.01397
-.05785
.16082
-.02532
.14026
-.02961
-.03066
-.12895
.06983
-.04199
-.00548
.18457
-.13551
-.1027
.08735
-.18663
.08219
-.00316
-.1278
-.01099
-.10741
-.04603
-.07456
.05213
-.16364
.09783
.15842
-.0819
.18779
.10672
-.01439
-.10219
-.00407
-.0535
.01304
.21459
.03203
.11379
.01238
-.06154
.03934
.03155
-.08615
-.14141
-.02353
.03239
.01176
-.01938
-.06773
.01282
.03376
.11523
.00369
-.10294
.04132
.1746
-.05068
-.05018
.09434
.03448
-.02349
.05498
.0228
-.08333
.13636
.04923
-.01475
-.00599
.0512
.16715
.06463
.06295
.041
.00879
-.0305
.00225
-.06081
.01439
-.019
.09685
.06843
0
.20124
-.10708
.05222
.04244
.09558
.02746
.16088
.04348
.08901
.14663
-.09329
-.03824
-.13373
.03616
.07919
.09227
-.13242
-.06184
-.18425
-.26724
.08706
.25217
-.18056
.00851
.00211
-.04
.35526
.10714
-.02933
.09668
.01934
.00813
-.1159
-.08079
.02819
.04207
