.16596
.18978
.07055
.24355
-.00461
.05556
-.14912
-.02835
-.01326
.13172
.10214
.00647
.06638
.00803
.01992
-.03516
-.09676
.04933
-.02949
-.03965
.01147
-.03583
.03529
-.02955
-.14286
-.02131
-.11173
.00314
.01066
.14286
.02011
.06133
.00503
-.054
.07937
.0098
-.1165
-.01813
.02521
.11202
.05828
-.02093
.04447
.01595
-.0852
-.06931
-.00792
-.01596
-.03784
-.09629
.04673
.05357
.02011
.01111
.05802
.07552
-.046
-.10883
-.02571
.0176
-.00576
-.06632
.03427
.02711
.09971
.0336
-.02694
.02406
.00261
-.07396
.03672
.06267
.09744
.11589
.05462
.02789
.05039
-.04074
-.05212
-.06135
.08061
.13306
-.03571
-.03148
-.02677
-.05894
.12998
-.00557
-.01604
.09143
.02688
.11775
-.01069
.1175
.00832
-.00412
-.01913
.12076
.0397
.01091
-.08993
.03968
-.05725
-.01829
.07039
.0793
.01978
-.00529
-.04255
-.04461
.06809
-.02004
-.06446
.09581
.05158
.05913
-.00739
.04625
-.01905
.00243
.11051
.0547
-.0166
.02532
.10247
.02622
-.03686
-.01711
.00387
.03237
.11985
.08194
-.00958
.11894
.07832
.03243
.03389
.06882
-.12253
-.01758
-.0994
.1155
.00595
-.03945
.1485
.09319
.03934
.00946
-.01328
.00952
.04953
.04955
-.07296
-.15509
-.09341
.06667
.03125
.04972
-.08421
-.00862
.02354
.0483
-.02439
-.03022
.09195
.00263
-.01543
.02989
.08052
-.02615
.01733
.07056
.08691
-.01887
.0641
-.0698
.0303
.04202
.06298
.04943
-.05435
-.03211
.00794
-.04724
.14744
.02527
-.1162
-.10884
-.06726
-.02885
.11723
.03556
-.02146
.10965
.1015
-.03597
.04754
-.06071
-.0038
-.00099
.0728
-.00714
-.02971
.13011
.14474
-.06684
-.01543
.11285
.05859
-.01867
-.0462
-.02906
.04412
.0338
.0703
-.0051
-.00256
.04319
.04444
-.08983
.03377
-.0104
.04835
.04578
-.03488
.11084
.01922
-.02772
.06579
-.00029
-.06186
.05495
.03333
-.06661
-.06061
.04369
-.06637
.09479
-.01524
.03084
.11538
.021
.02632
.02564
.08407
.033
-.01278
-.05327
.04795
.0719
.09006
.0112
.11357
-.00363
-.04
-.0026
.00679
-.02857
-.00802
.00162
.02156
-.06069
.05225
-.02941
.00275
-.0478
.09249
.13228
-.05921
-.03856
.11255
-.11823
.00661
-.05906
.08413
-.01546
-.01309
.15958
.09966
.03125
.06206
.05143
-.0317
-.15487
.05876
.12356
.04608
.09634
.02604
.07851
.06732
-.06483
-.09029
.06818
.01368
-.00633
.04532
-.04624
.09513
-.10665
